1
7
4
6
5
3
2
0
9
15
12
14
13
11
10
8
30
19
22
28
18
25
16
21
31
29
23
26
17
24
27
20
33
39
36
38
37
35
34
32
54
43
46
52
42
49
40
45
55
53
47
50
41
48
51
44
15.5535
41.6098
19.2375
24.8691
27.1881
30.9692
43.1596
17.6473
28.0074
20.2069
33.4356
21.1551
37.643
27.9758
20.8714
35.8494
21.7054
38.5923
24.6451
21.7418
33.3257
23.5891
36.8829
25.4372
20.7422
32.8781
25.0761
36.9113
27.5638
22.8554
32.5427
23.1608
22.2253
44.4479
21.1294
29.8535
24.5099
22.9028
29.2878
23.1189
19.0964
26.5173
33.6967
42.0285
23.4148
21.2278
22.4596
35.9023
23.0814
42.8791
15.6708
29.6185
29.449
21.1187
44.4127
13.1962
2
2
2
2
2
2
2
2
2
2
2
2
2
2
2
2
2
2
2
2
2
2
2
2
2
2
2
2
2
2
2
2
2
2
2
2
2
2
2
2
2
2
2
2
2
2
2
2
2
2
2
2
2
2
2
2
