5
7
0
3
2
1
4
6
13
15
8
11
10
9
12
14
18
17
21
19
22
20
31
28
27
25
30
23
24
26
29
16
37
39
32
35
34
33
36
38
42
41
45
43
46
44
55
52
51
49
54
47
48
50
53
40
33.338
15.6037
40.1947
21.8101
22.5469
41.0757
17.1065
29.3621
20.745
34.4236
40.1176
15.4551
27.4022
35.2501
20.3661
23.6866
37.3431
26.3494
20.0272
32.5435
22.7578
37.7599
25.9152
19.4769
34.9479
21.4699
24.9603
35.6621
23.7905
35.7522
23.2457
22.4999
38.8989
24.2381
31.6068
22.9866
21.7911
43.8431
21.0994
30.3802
11.5263
30.2972
44.6632
19.1332
18.7089
32.9686
23.2726
43.0834
20.905
16.6
37.7196
18.985
39.224
24.6802
14.2249
28.1022
2
2
2
2
2
2
2
2
2
2
2
2
2
2
2
2
2
2
2
2
2
2
2
2
2
2
2
2
2
2
2
2
2
2
2
2
2
2
2
2
2
2
2
2
2
2
2
2
2
2
2
2
2
2
2
2
