5
4
6
1
7
2
3
0
13
12
14
9
15
10
11
8
26
31
24
21
16
30
18
17
29
23
27
20
19
25
28
22
37
36
38
33
39
34
35
32
50
55
48
45
40
54
42
41
53
47
51
44
43
49
52
46
25.6185
19.8569
43.2544
16.1058
30.3529
30.9293
20.7944
44.3701
15.9529
26.2613
533.0119
509.6811
32.5957
21.7611
37.1088
29.6118
18.8621
32.0315
20.6632
39.6329
21.0097
27.5049
31.8905
22.874
21.3961
43.898
20.6743
32.1022
20.9224
21.1002
41.8638
17.4158
24.5629
36.3894
22.1818
39.5041
25.1373
13.3732
28.2757
29.4249
41.2997
21.5659
15.9849
26.4307
31.7621
22.859
41.5726
14.9589
26.5706
31.2256
22.3916
40.9386
21.191
20.9943
37.8946
20.0327
2
2
2
2
2
2
2
2
2
2
1
1
1
1
1
1
1
1
1
1
1
1
1
1
1
1
1
1
1
1
1
1
1
1
1
1
1
1
1
1
1
1
1
1
1
1
1
1
1
1
1
1
1
1
1
1
