4
2
6
7
1
0
3
5
12
10
14
15
9
8
11
13
27
22
25
31
30
21
19
23
29
28
16
18
20
17
24
26
36
34
38
39
33
32
35
37
51
46
49
55
54
45
43
47
53
52
40
42
44
41
48
50
1020.146
520.2984
27.7886
32.2038
24.9457
44.4471
17.9523
27.1185
22.3853
35.6657
25.7678
37.2056
28.8655
25.4265
30.6863
22.9728
39.7968
30.7124
19.8814
31.6847
22.8768
39.4768
26.5619
24.8371
31.8
22.1384
25.6051
40.0592
27.5574
32.9038
23.5444
21.645
38.7404
26.0614
36.4605
23.1446
20.3634
42.4888
24.6996
33.9646
13.0231
29.9484
42.5828
19.8423
18.4458
35.898
24.8252
36.1895
25.4277
19.0822
28.0615
31.8834
24.7264
44.7959
17.191
29.197
1
1
1
1
1
1
1
1
1
1
1
1
1
1
1
1
1
1
1
1
1
1
1
1
1
1
1
1
1
1
1
1
1
1
1
1
1
1
1
1
1
1
1
1
1
1
1
1
1
1
1
1
1
1
1
1
