7
6
1
4
0
2
3
5
15
14
9
12
8
10
11
13
25
19
16
20
22
18
29
27
28
23
30
21
17
24
26
31
39
38
33
36
32
34
35
37
49
43
40
44
46
42
53
51
52
47
54
45
41
48
50
55
20.841
30.2763
18.6314
40.2472
17.6943
24.9951
32.888
20.638
42.0582
18.2091
28.5546
22.2538
31.9316
21.1855
37.1286
28.7173
21.483
30.2992
22.9874
40.1046
26.7543
19.3982
33.3803
24.4116
36.8422
22.5161
26.8878
32.2314
21.4972
23.4871
44.0189
20.1362
33.5083
22.8001
20.5001
43.1624
20.5854
35.6783
22.7863
20.2832
43.2145
20.5159
16.5463
31.0719
28.0643
40.7908
26.0696
14.9218
26.5078
34.0005
21.8255
42.1984
17.0137
25.18
33.7714
25.2179
2
2
2
2
2
2
2
2
2
2
2
2
2
2
2
2
2
2
2
2
2
2
2
2
2
2
2
2
2
2
2
2
2
2
2
2
2
2
2
2
2
2
2
2
2
2
2
2
2
2
2
2
2
2
2
2
