0
5
6
4
2
3
1
7
8
13
14
12
10
11
9
15
28
20
29
17
25
30
18
21
26
27
23
22
31
24
16
19
32
37
38
36
34
35
33
39
52
44
53
41
49
54
42
45
50
51
47
46
55
48
40
43
29.6497
20.8141
43.3188
14.0677
26.2032
26.0685
34.2466
43.1707
17.8192
27.6159
34.2099
23.7301
39.1967
22.1265
27.7384
22.1609
33.2748
23.629
41.1337
24.7778
23.1814
34.4291
21.7955
39.6475
27.4275
17.85
38.0673
24.7719
23.495
39.9327
210.3033
519.549
27.4101
18.8301
29.9938
32.8758
41.9487
19.1873
24.169
28.2812
32.3962
40.8256
24.7569
17.1547
28.7308
30.507
22.7681
37.2491
25.4099
25.865
34.4078
24.6545
41.9653
18.9688
26.9601
35.9849
1
1
1
1
1
1
1
1
1
1
1
1
1
1
1
1
1
1
1
1
1
1
1
1
1
1
1
1
1
1
2
2
2
2
2
2
2
2
2
2
2
2
2
2
2
2
2
2
2
2
2
2
2
2
2
2
