1
2
5
4
3
6
0
7
9
10
13
12
11
14
8
15
30
21
24
29
22
26
17
27
28
31
23
20
16
18
25
19
33
34
37
36
35
38
32
39
54
45
48
53
46
50
41
51
52
55
47
44
40
42
49
43
546.7094
272.2055
242.2689
302.9847
320.8817
336.188
337.3582
271.1957
274.3072
498.1003
334.4908
333.3918
255.9435
258.3301
259.2941
295.7539
310.2661
281.252
333.3894
258.1053
320.2263
353.2452
345.6951
272.7032
323.1893
361.7338
350.0136
354.2395
300.6661
347.2315
335.2936
334.2739
302.8535
268.3062
324.0158
296.3342
288.9003
272.1608
324.3452
265.2733
319.4678
303.4299
355.3208
302.6382
270.8891
313.9852
322.524
298.7717
258.1796
324.8802
266.3799
220.136
289.0418
256.4283
260.8676
241.4574
2
2
2
2
2
2
2
2
2
2
2
2
2
2
2
2
2
2
2
2
1
1
1
1
1
1
1
1
1
1
1
1
1
1
1
1
1
1
1
1
1
1
1
1
1
1
1
1
1
1
2
2
2
2
2
2
