3
6
2
5
1
0
4
7
11
14
10
13
9
8
12
15
26
27
16
30
29
21
20
19
22
24
23
28
18
17
25
31
35
38
34
37
33
32
36
39
50
51
40
54
53
45
44
43
46
48
47
52
42
41
49
55
1768.966
323.2916
336.6143
222.5249
261.4942
274.6035
270.1772
243.0108
236.1435
217.3097
220.5611
357.1168
970.6722
274.1843
258.6296
271.0799
290.8128
293.4669
303.2924
296.5108
273.8529
287.7483
303.5326
320.587
307.8171
286.7635
293.6142
284.6771
416.5474
370.6508
234.9006
246.7829
237.4527
276.1426
284.3141
242.449
273.3334
492.5805
318.8254
275.9194
309.4048
346.6828
198.6447
273.6498
422.708
401.5991
332.4598
367.3556
461.8878
337.5589
338.3371
281.8114
739.561
291.6974
286.0346
302.9069
1
1
1
1
1
1
1
1
1
1
1
1
2
2
2
2
2
2
2
2
2
2
2
2
2
2
2
2
1
1
1
1
1
1
1
1
1
2
2
2
2
2
2
2
2
2
2
2
2
2
2
2
1
1
1
1
