2
6
5
1
7
0
4
3
10
14
13
9
15
8
12
11
26
17
29
27
16
28
20
19
18
25
21
30
24
23
22
31
34
38
37
33
39
32
36
35
50
41
53
51
40
52
44
43
42
49
45
54
48
47
46
55
267.4473
292.4887
239.3873
221.1517
260.6566
280.6357
304.1576
303.0285
291.3296
270.4549
269.1615
249.8837
334.458
291.2225
284.3319
292.162
249.6842
318.635
246.0299
280.1296
302.0579
256.6898
270.0358
306.5868
237.7644
286.4585
269.1643
322.2933
299.0542
256.3473
521.3749
22.443
18.6295
41.398
15.3386
22.9099
26.1542
31.2145
40.2725
18.2474
26.5224
31.8806
20.1078
22.9103
34.0669
29.1796
16.9102
32.1907
21.4534
36.613
285.7719
365.11
521.3919
38.7412
7.2553
33.0401
2
2
2
2
2
2
2
2
2
2
2
2
2
2
2
2
2
2
2
2
2
2
2
2
2
2
2
2
2
2
2
2
2
2
2
2
2
2
2
2
2
2
2
2
2
2
2
2
2
2
1
1
1
1
1
1
