6
5
1
7
0
3
4
2
14
13
9
15
8
11
12
10
18
19
29
20
31
28
17
24
27
23
30
22
16
26
25
21
38
37
33
39
32
35
36
34
42
43
53
44
55
52
41
48
51
47
54
46
40
50
49
45
382.1763
315.5385
263.2435
238.084
212.3505
272.7348
222.7011
335.2003
286.7133
213.3658
301.965
254.9745
226.3977
245.4298
284.9738
325.05
269.4088
235.8274
259.7575
274.3451
301.2938
305.3712
273.3764
262.7595
315.9364
354.1293
272.0984
269.9335
254.1346
553.1165
332.8584
273.9631
229.9537
283.5492
275.0843
284.416
210.0204
243.844
212.2103
239.042
215.0993
281.5577
428.6383
241.6008
230.146
374.3173
273.442
226.0315
273.6688
318.4715
335.8988
273.2504
273.3314
272.8415
292.3642
283.2628
1
1
1
1
1
1
1
2
2
2
2
2
2
2
2
2
2
2
2
2
2
2
2
2
2
2
2
2
2
1
1
1
1
1
1
1
1
1
1
1
1
1
1
1
1
2
2
2
2
2
2
2
2
2
2
2
