0
1
2
5
3
7
6
4
8
9
10
13
11
15
14
12
25
20
23
28
21
24
30
17
22
29
19
31
26
27
18
16
32
33
34
37
35
39
38
36
49
44
47
52
45
48
54
41
46
53
43
55
50
51
42
40
256.7013
460.6785
271.5019
317.6466
304.0383
303.7531
332.9975
325.5047
313.1852
430.2584
270.9981
324.3674
270.7785
280.8929
242.6715
255.4327
287.4912
287.2549
273.1252
320.2647
272.3457
335.8767
260.4702
237.5451
306.0397
277.4503
279.3892
291.6551
243.3972
235.7283
274.2554
365.991
246.31
343.721
241.2927
230.5312
218.7904
273.7952
242.0781
258.95
284.7866
286.7884
270.7769
245.8557
394.5942
340.4942
331.7862
347.2793
272.6195
271.8823
337.2578
286.814
306.4999
518.7182
336.1643
539.5406
2
2
2
2
2
2
2
2
2
2
2
2
2
2
2
2
2
2
2
2
2
2
2
2
2
2
2
2
2
2
2
2
2
2
2
2
1
1
1
1
1
1
1
1
1
1
1
1
1
1
1
1
1
1
1
1
