4
3
0
7
5
6
1
2
12
11
8
15
13
14
9
10
22
21
31
20
23
27
26
18
28
24
25
19
17
16
30
29
36
35
32
39
37
38
33
34
46
45
55
44
47
51
50
42
52
48
49
43
41
40
54
53
265.6542
283.3055
355.4792
220.0949
262.4806
238.2452
250.2377
272.7941
255.4517
368.4748
268.017
288.2603
294.0354
269.4219
344.809
303.3714
320.1118
308.6372
312.3144
287.9443
316.9047
318.7942
338.6046
280.3208
273.8315
301.7122
306.1756
316.6854
340.3559
270.641
425.878
306.6983
324.2492
305.5818
338.1475
312.4168
273.3006
549.9059
310.2961
311.2569
356.1706
311.1794
289.8517
303.7977
364.4831
279.5232
258.1891
298.0235
271.9364
319.4512
261.8489
216.4256
398.0103
229.5124
204.5702
225.2781
2
2
2
2
2
2
2
2
2
2
2
2
2
2
2
2
2
2
2
2
2
2
2
2
2
2
2
2
2
2
2
2
2
2
2
2
1
1
1
1
1
1
1
1
1
1
1
1
1
1
1
1
1
1
1
1
