1
6
3
2
4
7
5
0
9
14
11
10
12
15
13
8
17
16
29
27
31
24
19
30
25
21
20
26
23
18
28
22
33
38
35
34
36
39
37
32
41
40
53
51
55
48
43
54
49
45
44
50
47
42
52
46
28.2393
22.006
21.3459
36.8667
27.7289
30.3604
22.6709
22.1337
37.8097
26.0139
13.4399
38.776
23.7514
37.624
25.067
16.2409
22.9005
32.9291
36.8173
25.7852
17.6722
24.3468
34.3967
21.8468
40.8362
18.0211
26.6559
33.1389
19.7167
42.968
13.3684
28.1378
28.5605
20.5491
44.4692
13.0184
26.5801
32.1895
19.6945
42.8898
15.1912
28.6099
498.5143
520.5173
22.7559
21.3202
40.3207
23.9118
32.218
21.8133
21.0571
38.108
24.3401
16.568
27.0478
28.9508
1
1
1
1
1
1
1
1
1
1
1
1
1
1
1
1
1
1
1
1
1
1
1
1
1
1
1
1
1
1
1
1
1
1
1
1
1
1
1
1
1
1
1
1
1
1
1
1
1
1
1
1
1
1
1
1
