2
3
4
1
0
5
6
7
10
11
12
9
8
13
14
15
27
21
17
18
19
26
24
22
25
23
28
20
16
30
29
31
34
35
36
33
32
37
38
39
51
45
41
42
43
50
48
46
49
47
52
44
40
54
53
55
808.9013
500.7117
45.5797
17.8299
29.7955
32.0706
23.9588
44.7896
14.7879
27.5804
35.9004
23.9501
44.5976
15.7783
29.3135
31.6823
20.8315
26.5173
39.2927
28.248
19.5997
36.0058
22.9416
39.4065
29.0607
17.4143
29.2238
30.2972
38.6124
27.2702
21.6059
26.0388
33.7923
24.4068
43.9683
16.2093
39.2442
23.6594
22.5125
43.9691
20.8501
25.7773
32.5174
23.8767
36.2804
26.3106
27.6049
31.8842
23.0194
42.9328
19.1474
23.9691
25.7935
36.4041
24.2314
37.7164
1
1
1
1
1
1
1
1
1
1
1
1
1
1
1
1
1
1
1
1
1
1
1
1
1
1
1
1
1
1
1
1
1
1
1
1
1
1
1
1
1
1
1
1
1
1
1
1
1
1
1
1
1
1
1
1
