5
4
2
1
7
0
6
3
13
12
10
9
15
8
14
11
29
28
16
25
23
17
30
26
20
19
18
21
27
22
31
24
37
36
34
33
39
32
38
35
53
52
40
49
47
41
54
50
44
43
42
45
51
46
55
48
25.7741
21.3352
36.4815
18.7421
23.1434
33.7145
20.937
21.9756
35.0826
27.2019
29.7216
21.4545
18.2846
36.1966
26.4043
15.2695
25.2527
28.6972
35.6357
28.2887
14.4829
26.7164
29.7129
37.0117
23.9138
16.8671
36.4179
21.7402
19.0095
35.9173
20.8141
24.2188
31.7443
21.1183
43.4575
14.5141
26.6911
28.6996
20.1331
44.0046
12.9319
26.3193
29.9499
19.2631
43.6637
16.0169
22.0779
405.8677
520.9822
20.0422
37.547
26.4422
12.6056
27.6029
29.91
35.0948
1
1
1
1
1
1
1
1
1
1
1
1
1
1
1
1
1
1
1
1
1
1
1
1
1
1
1
1
1
1
1
1
1
1
1
1
1
1
1
1
1
1
1
1
1
1
1
1
1
1
1
1
1
1
1
1
