3
5
6
7
0
2
4
1
11
13
14
15
8
10
12
9
16
24
19
28
25
30
31
18
22
26
21
29
20
17
23
27
35
37
38
39
32
34
36
33
40
48
43
52
49
54
55
42
46
50
45
53
44
41
47
51
17.7181
43.8363
16.6206
29.0085
29.5545
22.4592
43.2133
17.8393
26.8641
30.0258
21.8769
42.601
17.7441
24.2611
31.9861
22.9384
42.2834
19.3256
21.0192
40.7371
21.4858
22.9329
38.8005
27.4373
32.0971
20.8623
23.559
38.6081
25.5659
20.3108
26.0815
31.0024
37.6868
28.6838
14.5299
29.1464
31.2303
22.2036
42.0187
15.5219
24.9528
35.8067
21.9744
41.5505
16.2883
27.2631
32.2263
21.5292
46.0246
15.8139
25.3309
31.9695
23.1794
41.0824
19.4417
22.8396
1
1
1
1
1
1
1
1
1
1
1
1
1
1
1
1
1
1
1
1
1
1
1
1
1
1
1
1
1
1
1
1
1
1
1
1
1
1
1
1
1
1
1
1
1
1
1
1
1
1
1
1
1
1
1
1
