5
0
3
6
1
4
2
7
13
8
11
14
9
12
10
15
22
26
16
20
29
18
24
25
28
27
30
17
23
19
21
31
37
32
35
38
33
36
34
39
46
50
40
44
53
42
48
49
52
51
54
41
47
43
45
55
24.1737
32.7355
22.0697
23.1395
36.4807
31.1355
16.7897
38.6077
21.4767
35.8506
24.6245
20.7178
37.9665
23.3939
37.9088
25.9748
20.6166
26.8819
33.7165
23.4385
42.3229
20.3914
27.4184
30.8222
23.6045
45.7706
16.0114
26.6583
31.4626
23.4974
43.9094
16.9125
24.8584
35.0656
23.4405
24.2231
38.3011
28.1259
32.0726
22.157
20.5392
40.9876
28.7426
17.0903
36.5328
23.0067
37.1867
26.4201
19.5571
28.075
29.2807
40.0291
29.2625
14.4355
39.2971
21.4459
1
1
1
1
1
1
1
1
1
1
1
1
1
1
1
1
1
1
1
1
1
1
1
1
1
1
1
1
1
1
1
1
1
1
1
1
1
1
1
1
1
1
1
1
1
1
1
1
1
1
1
1
1
1
1
1
