7
4
1
5
2
0
6
3
15
12
9
13
10
8
14
11
18
27
29
23
25
20
19
21
16
26
17
22
30
28
31
24
39
36
33
37
34
32
38
35
42
51
53
47
49
44
43
45
40
50
41
46
54
52
55
48
32.73
25.7232
12.9738
28.1583
31.1683
22.2423
41.9349
15.4694
22.5287
32.1974
21.658
41.9661
16.1346
26.8531
29.0595
21.0283
17.2479
16.6909
27.0557
29.0362
21.7066
36.4171
24.3938
24.9311
31.0846
21.6438
22.0531
37.7619
25.5814
15.9091
35.1695
21.799
36.1994
25.7864
16.3006
24.0651
31.0577
37.7275
26.9957
12.6838
28.4772
26.1826
22.6227
40.6016
16.231
37.7686
22.3857
17.2341
42.5919
15.0779
25.1744
29.75
21.6596
41.2795
17.0575
24.0137
1
1
1
1
1
1
1
1
1
1
1
1
1
1
1
1
1
1
1
1
1
1
1
1
1
1
1
1
1
1
1
1
1
1
1
1
1
1
1
1
1
1
1
1
1
1
1
1
1
1
1
1
1
1
1
1
