2
3
0
4
6
1
5
7
10
11
8
12
14
9
13
15
29
22
30
26
27
16
18
25
28
31
20
23
21
19
17
24
34
35
32
36
38
33
37
39
53
46
54
50
51
40
42
49
52
55
44
47
45
43
41
48
32.2824
22.3798
23.8727
39.1197
23.0763
39.1047
21.9373
21.6738
39.2193
23.5456
21.1693
38.9676
21.7449
38.3043
21.912
24.1583
38.2043
22.251
38.5603
23.3658
21.2258
36.1437
21.5778
23.7238
39.6041
22.2846
38.2921
22.0254
22.2048
38.4359
24.0908
22.279
37.3917
20.7825
27.0573
26.6634
38.2182
22.9001
37.611
21.2139
23.8182
39.42
22.5777
22.106
38.2739
22.0282
37.1574
24.2117
23.5191
38.1874
23.0933
36.9745
22.9423
23.6337
37.0271
22.4584
1
1
1
1
1
1
1
1
1
1
1
1
1
1
1
1
1
1
1
1
1
1
1
1
1
1
1
1
1
1
1
1
1
1
1
1
1
1
1
1
1
1
1
1
1
1
1
1
1
1
1
1
1
1
1
1
