7
2
1
3
6
4
0
5
15
10
9
11
14
12
8
13
24
16
19
18
30
21
25
20
28
17
26
23
22
31
27
29
39
34
33
35
38
36
32
37
48
40
43
42
54
45
49
44
52
41
50
47
46
55
51
53
11.4895
25.1673
39.7676
22.3979
24.4941
39.0083
21.3862
22.3023
40.7205
24.6996
40.1346
23.6017
23.5752
38.4746
22.8934
39.6534
24.5412
24.4195
38.4007
23.5705
23.0206
39.2651
22.1175
40.745
33.3483
21.052
24.8244
24.6616
38.3647
24.8173
22.5086
37.9092
23.6309
40.0619
22.4043
40.7177
23.2284
23.0498
38.5164
24.8461
23.3994
39.896
23.4089
39.3441
22.9151
23.5499
38.7871
22.3908
22.2885
40.2255
23.8008
37.129
22.2
23.0719
38.5974
24.7466
1
1
1
1
1
1
1
1
1
1
1
1
1
1
1
1
1
1
1
1
1
1
1
1
1
1
1
1
1
1
1
1
1
1
1
1
1
1
1
1
1
1
1
1
1
1
1
1
1
1
1
1
1
1
1
1
