6
2
0
3
4
7
5
1
14
10
8
11
12
15
13
9
25
16
26
27
21
28
31
20
19
22
29
17
23
18
24
30
38
34
32
35
36
39
37
33
49
40
50
51
45
52
55
44
43
46
53
41
47
42
48
54
33.7706
22.8953
21.2835
38.7408
21.9701
37.8452
22.4094
21.624
35.5989
22.4691
22.2142
38.3738
22.7713
35.3259
19.7341
22.4066
39.1699
21.319
22.7021
36.2271
21.9255
37.6197
23.5148
21.3408
37.9219
21.7433
20.766
37.4723
22.2775
37.221
24.301
20.2729
37.0555
22.2984
22.3249
36.2196
22.5402
37.0543
24.5218
22.2241
35.0533
24.4084
34.6125
21.6458
22.9423
38.1099
20.186
20.1722
38.2676
22.2771
22.7962
35.9971
23.0036
36.9421
23.4346
21.4253
1
1
1
1
1
1
1
1
1
1
1
1
1
1
1
1
1
1
1
1
1
1
1
1
1
1
1
1
1
1
1
1
1
1
1
1
1
1
1
1
1
1
1
1
1
1
1
1
1
1
1
1
1
1
1
1
