7
2
0
1
5
6
4
3
15
10
8
9
13
14
12
11
21
18
27
25
16
31
30
29
24
22
17
23
19
20
28
26
39
34
32
33
37
38
36
35
45
42
51
49
40
55
54
53
48
46
41
47
43
44
52
50
14.3316
37.7907
22.0606
39.0944
23.179
20.4961
38.7946
23.6515
20.5013
37.7587
21.5897
39.1209
22.6733
23.7419
37.9444
22.2775
20.775
37.6283
23.8439
39.271
21.8129
22.7041
36.9066
23.0052
22.5943
37.7801
23.5744
36.984
21.479
20.7545
37.447
23.3228
37.8294
22.3857
22.3533
38.5812
21.4198
23.7036
35.8928
23.6456
37.2779
22.4153
20.2223
37.1369
22.4169
22.6721
38.5461
21.784
35.9995
21.8085
22.123
38.1234
22.8341
22.4205
36.6553
21.8733
1
1
1
1
1
1
1
1
1
1
1
1
1
1
1
1
1
1
1
1
1
1
1
1
1
1
1
1
1
1
1
1
1
1
1
1
1
1
1
1
1
1
1
1
1
1
1
1
1
1
1
1
1
1
1
1
