6
4
0
5
7
3
1
2
14
12
8
13
15
11
9
10
16
30
22
31
23
27
29
28
19
26
17
25
21
24
18
20
38
36
32
37
39
35
33
34
40
54
46
55
47
51
53
52
43
50
41
49
45
48
42
44
2880.556
175.4952
177.3627
162.7245
155.8726
146.0608
193.117
138.7901
115.517
124.4158
156.3079
358.953
3145.15
291.4923
174.269
146.6894
180.3051
194.9038
147.8228
171.2246
157.2964
174.6261
170.3907
162.2006
176.2889
178.5665
153.4449
176.9076
162.0059
208.4995
261.3188
189.2888
508.5584
25.148
45.7986
21.4142
24.6952
31.2011
38.3663
31.0095
23.8518
23.8676
27.4239
39.5385
22.8041
32.3638
38.0799
29.0014
20.9738
27.7625
28.3357
36.7873
24.5894
29.6007
19.3659
52.9812
1
1
1
1
1
2
2
2
2
2
2
2
2
2
2
2
2
2
2
2
2
2
2
2
2
2
2
2
2
1
1
1
1
1
1
1
1
1
1
1
1
1
1
1
1
1
1
1
1
1
1
1
1
1
1
1
