3
2
4
7
0
5
6
1
11
10
12
15
8
13
14
9
22
31
28
27
18
29
24
20
19
25
17
16
23
21
26
30
35
34
36
39
32
37
38
33
46
55
52
51
42
53
48
44
43
49
41
40
47
45
50
54
19.7333
36.7651
22.0483
41.1029
22.9779
24.1007
37.8219
23.066
33.9764
24.024
23.2149
38.4106
24.5167
21.7801
39.0798
23.5069
38.4797
23.8806
21.91
38.6184
25.5138
22.8949
37.6698
22.5971
39.0624
23.8822
23.8146
38.4963
22.2099
20.9643
38.4299
24.2223
38.7108
23.2197
20.905
37.4103
23.5681
39.3018
23.8865
21.6343
38.3086
22.9186
22.0728
39.4682
22.7089
38.8293
24.41
23.2596
38.4683
23.6969
21.596
38.0613
21.7109
41.5292
22.6239
24.0213
1
1
1
1
1
1
1
1
1
1
1
1
1
1
1
1
1
1
1
1
1
1
1
1
1
1
1
1
1
1
1
1
1
1
1
1
1
1
1
1
1
1
1
1
1
1
1
1
1
1
1
1
1
1
1
1
