0
4
2
3
5
6
1
7
8
12
10
11
13
14
9
15
21
25
31
16
18
28
22
27
17
24
23
26
29
20
19
30
32
36
34
35
37
38
33
39
45
49
55
40
42
52
46
51
41
48
47
50
53
44
43
54
1455.056
523.1657
24.9338
23.7281
40.6952
22.6314
38.1095
23.6444
31.8304
25.9353
23.0952
38.3568
24.6597
24.9607
39.2631
22.842
23.3722
39.1422
23.7048
40.2338
22.7693
24.9137
37.3605
20.043
24.6419
38.0945
24.4776
38.488
23.6953
24.5854
37.7168
23.1691
38.424
23.7044
321.4467
498.9872
39.8691
23.7949
39.3646
22.8858
23.0617
40.0821
22.893
23.2066
37.3447
23.1537
31.4753
22.9613
25.6173
38.8961
22.6385
19.9114
39.9383
24.2887
38.8135
22.198
1
1
1
1
1
1
1
1
1
1
1
1
1
1
1
1
1
1
1
1
1
1
1
1
1
1
1
1
1
1
1
1
1
1
2
2
2
2
2
2
2
2
2
2
2
2
2
2
2
2
2
2
2
2
2
2
