5
7
2
4
1
0
3
6
13
15
10
12
9
8
11
14
22
24
23
25
16
26
28
31
18
17
27
21
19
30
29
20
37
39
34
36
33
32
35
38
46
48
47
49
40
50
52
55
42
41
51
45
43
54
53
44
16.777
22.9984
39.8051
23.1845
23.5239
36.9066
22.0973
38.9313
22.8783
22.9728
38.0072
21.769
38.603
22.5374
22.5319
38.8084
23.7803
21.3898
37.5256
22.2984
38.119
23.0225
22.4347
38.4651
22.936
24.0051
37.11
290.654
521.4982
23.3726
21.0836
37.1507
23.4125
38.4765
23.3603
21.9796
38.3395
23.9233
21.5659
39.2477
21.8409
38.2423
21.1286
21.1334
37.3822
22.6306
20.8363
36.2346
22.8337
37.9491
24.3962
21.6497
37.0476
24.2891
121131.3
514.3883
1
1
1
1
1
1
1
1
1
1
1
1
1
1
1
1
1
1
1
1
1
1
1
1
1
1
1
2
2
2
2
2
2
2
2
2
2
2
2
2
2
2
2
2
2
2
2
2
2
2
2
2
2
2
1
1
