5
6
3
2
1
7
4
0
13
14
11
10
9
15
12
8
22
23
16
29
27
26
28
21
17
19
30
25
31
18
24
20
37
38
35
34
33
39
36
32
46
47
40
53
51
50
52
45
41
43
54
49
55
42
48
44
19.4484
23.3449
36.3721
24.472
24.7174
37.5505
24.0509
36.3499
22.8487
24.9125
39.0209
23.3192
23.1924
36.2026
23.1865
39.1632
23.5752
23.1845
37.5671
22.5007
39.9063
22.9807
23.9782
39.4279
22.874
22.0432
39.6112
23.5748
39.6143
20.7264
20.8438
37.9563
21.7267
22.168
37.1096
22.4529
303.9004
522.8884
23.3627
36.5072
22.5896
22.6101
38.5986
21.6082
38.9747
22.8009
24.0331
36.5629
23.2367
39.175
24.406
22.3466
36.9508
24.1769
23.7202
39.0802
2
2
2
2
2
2
2
2
2
2
2
2
2
2
2
2
2
2
2
2
2
2
2
2
2
2
2
2
2
2
2
2
2
2
2
2
1
1
1
1
1
1
1
1
1
1
1
1
1
1
1
1
1
1
1
1
