1
7
5
2
0
4
6
3
9
15
13
10
8
12
14
11
16
19
18
22
31
26
25
24
28
17
23
30
21
20
29
27
33
39
37
34
32
36
38
35
40
43
42
46
55
50
49
48
52
41
47
54
45
44
53
51
17.4609
38.5757
21.2369
23.2185
30.6326
38.7207
23.4172
21.0105
36.9978
24.5838
23.834
37.2017
24.4029
37.4569
21.4601
24.6079
35.0047
22.5204
37.6125
21.6908
20.7031
37.5584
23.3528
23.7001
36.3721
23.2837
38.9372
23.7514
23.4603
36.6893
22.8282
23.9399
38.8301
23.5476
37.9942
22.6441
23.2857
39.3188
23.0328
38.2873
21.9531
22.1234
38.9834
23.322
23.1407
39.4741
21.1215
39.2837
23.9442
21.3202
37.6517
20.314
23.7771
38.3726
23.1509
37.9365
1
1
1
1
1
1
1
1
1
1
1
1
1
1
1
1
1
1
1
1
1
1
1
1
1
1
1
1
1
1
1
1
1
1
1
1
1
1
1
1
1
1
1
1
1
1
1
1
1
1
1
1
1
1
1
1
