4
0
6
2
3
7
5
1
12
8
14
10
11
15
13
9
28
19
20
22
17
21
31
18
25
16
26
30
27
24
23
29
36
32
38
34
35
39
37
33
52
43
44
46
41
45
55
42
49
40
50
54
51
48
47
53
20.5234
40.1006
22.6784
24.4511
39.2777
21.3542
39.3247
16.9702
22.3604
37.8496
22.411
39.6357
23.9754
23.5349
40.1469
24.7723
22.5453
38.1004
25.2246
38.8195
320.8971
509.994
37.7058
20.6107
38.97
23.2232
23.0166
38.7416
21.2092
38.2383
23.0482
22.5813
34.9246
21.5162
21.5845
38.8471
22.9965
38.3288
24.3831
21.2618
36.8501
22.7057
21.7718
38.8309
22.537
38.6772
23.256
24.1082
37.4707
22.5884
37.3909
22.234
23.3631
38.68
23.414
21.9646
2
2
2
2
2
2
2
2
2
2
2
2
2
2
2
2
2
2
2
2
1
1
1
1
1
1
1
1
1
1
1
1
1
1
1
1
1
1
1
1
1
1
1
1
1
1
1
1
1
1
1
1
1
1
1
1
