5
6
7
0
3
4
1
2
13
14
15
8
11
12
9
10
29
27
16
28
21
18
23
20
30
22
24
17
26
19
25
31
37
38
39
32
35
36
33
34
53
51
40
52
45
42
47
44
54
46
48
41
50
43
49
55
33.8287
14.8934
23.9027
23.403
23.0502
38.0116
23.7957
23.5547
37.0919
16.3658
36.2156
23.4856
409.283
521.3441
18.3407
23.977
39.7147
23.2892
38.695
21.2704
21.8176
38.8293
24.4693
23.8723
38.635
23.4611
38.4465
24.3954
21.7394
39.8727
22.8436
23.0198
40.0426
24.1244
37.1511
24.3187
19.6752
39.1055
25.3068
22.5473
37.9061
23.3224
37.3498
24.9769
21.5829
38.5394
22.8057
21.7884
37.7607
24.984
39.3903
22.4963
23.1695
39.1047
23.5819
38.7333
1
1
1
1
1
1
1
1
1
1
1
1
2
2
2
2
2
2
2
2
2
2
2
2
2
2
2
2
2
2
2
2
2
2
2
2
2
2
2
2
2
2
2
2
2
2
2
2
2
2
2
2
2
2
2
2
