3
6
7
1
2
5
4
0
11
14
15
9
10
13
12
8
22
20
24
19
28
30
18
21
17
27
25
23
29
31
16
26
35
38
39
33
34
37
36
32
46
44
48
43
52
54
42
45
41
51
49
47
53
55
40
50
12.8359
42.7647
18.2522
24.7388
39.0736
28.4598
37.888
16.7885
24.5847
39.5417
27.6816
16.3634
37.1247
23.0412
45.5301
20.6368
19.074
38.1231
23.4572
21.7268
44.7664
15.4876
39.5848
21.8528
22.2823
45.4858
17.6976
39.9084
11.4824
33.5609
34.9464
24.2509
23.4224
24.9074
34.3368
20.9608
38.338
27.7203
36.3552
23.6314
22.6595
37.037
22.1823
27.6002
35.9459
23.8503
39.1103
27.793
22.6378
33.2749
23.5947
37.971
22.0741
26.0124
35.5915
22.349
2
2
2
2
2
2
2
2
2
2
2
2
2
2
2
2
2
2
2
2
2
2
2
2
2
2
2
2
2
2
2
2
2
2
2
2
2
2
2
2
2
2
2
2
2
2
2
2
2
2
2
2
2
2
2
2
