4
1
0
5
2
7
6
3
12
9
8
13
10
15
14
11
19
26
17
28
27
18
24
31
20
30
16
25
21
23
29
22
36
33
32
37
34
39
38
35
43
50
41
52
51
42
48
55
44
54
40
49
45
47
53
46
1550.632
523.5757
25.3171
25.9184
35.1893
24.3563
31.0254
30.4838
42.1029
22.6347
21.4827
31.7227
31.0325
26.8199
39.9009
20.717
38.8377
22.4833
31.3367
34.3068
18.5758
31.1565
26.1009
35.6531
39.2261
20.1635
22.5932
41.071
27.7823
18.9475
38.1266
30.6426
18.7587
40.0798
18.4916
40.0743
28.5626
21.9627
41.7691
15.9139
40.6989
23.1964
27.6725
39.4864
20.7423
36.5784
31.2786
18.6896
35.0605
22.7765
24.4255
39.9056
26.4055
38.1748
13.8587
27.3971
2
2
2
2
2
2
2
2
2
2
2
2
2
2
2
2
2
2
2
2
2
2
2
2
2
2
2
2
2
2
2
2
2
2
2
2
2
2
2
2
2
2
2
2
2
2
2
2
2
2
2
2
2
2
2
2
