3
4
7
1
5
0
6
2
11
12
15
9
13
8
14
10
22
19
29
16
28
24
31
26
25
17
21
27
20
18
23
30
35
36
39
33
37
32
38
34
46
43
53
40
52
48
55
50
49
41
45
51
44
42
47
54
35.7073
24.2157
38.4044
14.7883
25.8584
44.6218
19.9538
19.4386
38.02
28.1414
40.5539
25.3507
15.6318
26.1096
36.0826
25.4467
42.3498
18.3028
27.8135
38.8042
20.5309
39.4781
23.4789
34.1863
37.7529
16.2086
42.4245
19.3446
23.4734
30.4024
34.8259
42.0113
19.3019
27.9384
25.3112
33.9769
22.4549
41.1074
28.226
21.8311
34.5229
23.117
39.1253
25.5048
28.4357
34.7718
21.6924
38.9349
33.0086
13.9176
38.0255
22.2147
20.9418
42.4522
20.1209
35.8756
2
2
2
2
2
2
2
2
2
2
2
2
2
2
2
2
2
2
2
2
2
2
2
2
2
2
2
2
2
2
2
2
2
2
2
2
2
2
2
2
2
2
2
2
2
2
2
2
2
2
2
2
2
2
2
2
