7
4
2
0
6
5
3
1
15
12
10
8
14
13
11
9
30
20
27
24
21
25
16
31
17
28
26
23
19
29
22
18
39
36
34
32
38
37
35
33
54
44
51
48
45
49
40
55
41
52
50
47
43
53
46
42
36.0932
23.9688
24.2738
35.3162
22.3135
25.2018
28.4018
37.6739
31.2079
23.8428
21.8548
29.4708
33.8777
20.7913
38.4545
23.2494
26.3964
36.0628
20.0059
27.6152
37.764
24.0916
35.4248
19.6365
26.4095
30.6283
21.6897
41.8292
16.8695
29.1492
30.1207
23.5544
39.6776
19.5954
26.3218
23.5662
39.6859
36.7309
19.5176
25.5372
33.4147
27.8783
18.8705
38.5189
26.8753
22.6655
35.0649
19.7013
39.7073
29.3539
19.2213
40.3255
16.1209
28.749
38.3443
19.5283
2
2
2
2
2
2
2
2
2
2
2
2
2
2
2
2
2
2
2
2
2
2
2
2
2
2
2
2
2
2
2
2
2
2
2
2
2
2
2
2
2
2
2
2
2
2
2
2
2
2
2
2
2
2
2
2
