6
3
1
7
2
0
5
4
14
11
9
15
10
8
13
12
28
27
21
24
22
19
23
18
25
30
26
31
29
20
17
16
38
35
33
39
34
32
37
36
52
51
45
48
46
43
47
42
49
54
50
55
53
44
41
40
18.8436
18.6903
46.8109
17.1583
35.684
25.7003
22.9839
26.8219
34.6872
18.1942
33.3144
29.7426
28.4946
33.2685
23.9822
29.9066
30.9713
24.382
42.4672
18.2206
29.79
31.2324
27.1388
30.1535
23.4161
29.555
33.6743
22.2408
44.6795
18.669
22.9404
39.2834
31.5216
16.3619
38.1578
29.1093
19.8348
36.9576
19.5856
32.8245
35.3272
22.3984
42.0713
17.3325
38.9859
29.8335
23.8262
36.2525
15.2924
41.3365
27.9471
25.3799
37.7908
16.3595
38.3747
27.6073
2
2
2
2
2
2
2
2
2
2
2
2
2
2
2
2
2
2
2
2
2
2
2
2
2
2
2
2
2
2
2
2
2
2
2
2
2
2
2
2
2
2
2
2
2
2
2
2
2
2
2
2
2
2
2
2
