7
1
5
6
4
3
0
2
15
9
13
14
12
11
8
10
28
18
19
30
27
29
20
17
23
26
16
21
24
22
31
25
39
33
37
38
36
35
32
34
52
42
43
54
51
53
44
41
47
50
40
45
48
46
55
49
27.8898
21.7936
33.3401
32.6918
24.9138
38.1958
18.6939
23.9988
39.5548
26.5027
36.689
17.5427
28.3287
36.5823
21.0319
41.1619
17.6584
20.1762
42.995
17.1559
23.6014
37.7545
24.4421
22.6137
43.4193
15.8846
39.2289
22.1424
23.3979
45.4673
13.8994
26.1894
39.7819
20.7648
43.2455
18.8417
22.37
47.9672
12.3773
39.3687
20.8671
25.5419
40.2916
20.2224
19.6108
40.2066
31.057
17.615
35.5808
20.8347
39.4019
26.142
25.4629
34.0433
20.7806
38.8026
2
2
2
2
2
2
2
2
2
2
2
2
2
2
2
2
2
2
2
2
2
2
2
2
2
2
2
2
2
2
2
2
2
2
2
2
2
2
2
2
2
2
2
2
2
2
2
2
2
2
2
2
2
2
2
2
