1
5
0
4
6
3
2
7
9
13
8
12
14
11
10
15
27
28
30
29
20
22
23
21
24
16
19
17
26
25
18
31
33
37
32
36
38
35
34
39
51
52
54
53
44
46
47
45
48
40
43
41
50
49
42
55
30.5117
29.807
16.1078
41.1223
17.8808
38.9048
18.9139
22.1724
35.5282
21.4166
23.0601
27.4267
32.7395
38.8681
20.7213
22.5631
24.9161
34.7116
21.1045
37.357
25.3913
25.8358
31.3007
20.5048
37.4719
23.1549
26.3687
35.2647
19.2446
38.5987
22.0377
26.5627
32.1019
20.9513
37.9638
23.4188
27.0463
33.2669
21.7998
18.413
37.9733
22.4074
38.5078
12.2686
26.9732
27.5247
36.3132
18.3853
27.5176
29.944
24.8481
38.157
16.4136
27.7866
32.8035
24.2034
1
1
1
1
1
1
1
1
1
1
1
1
1
1
1
1
1
1
1
1
1
1
1
1
1
1
1
1
1
1
1
1
1
1
1
1
1
1
1
1
1
1
1
1
1
1
1
1
1
1
1
1
1
1
1
1
