6
1
4
3
2
7
5
0
14
9
12
11
10
15
13
8
25
19
22
27
26
21
18
30
17
28
16
24
29
23
31
20
38
33
36
35
34
39
37
32
49
43
46
51
50
45
42
54
41
52
40
48
53
47
55
44
30.1029
15.4962
24.1742
30.4114
26.2474
35.8135
15.486
22.1981
35.0992
27.3394
35.1743
15.2221
22.3257
37.2677
24.8165
33.2187
23.9174
25.402
34.6761
27.6764
18.2186
33.9508
28.956
19.736
37.3179
15.896
35.8388
21.0552
24.4851
32.2484
19.8079
22.1775
34.3798
20.2232
36.3156
17.5035
35.3615
25.9982
5.1192
26.5437
15.708
25.4079
37.3348
20.7
39.7684
13.6497
23.4374
41.5636
11.0336
40.2962
10.1728
37.4411
26.761
28.156
13.2005
37.1508
1
1
1
1
1
1
1
1
1
1
1
1
1
1
1
1
1
1
1
1
1
1
1
1
1
1
1
1
1
1
1
1
1
1
1
1
1
1
1
1
1
1
1
1
1
1
1
1
1
1
1
1
1
1
1
1
