3
0
7
5
2
6
4
1
11
8
15
13
10
14
12
9
21
26
27
19
29
16
25
23
18
17
31
24
22
28
30
20
35
32
39
37
34
38
36
33
45
50
51
43
53
40
49
47
42
41
55
48
46
52
54
44
14.9428
21.0808
30.5856
32.9418
41.5537
20.1497
31.211
17.773
35.1991
19.2434
38.1692
24.7956
43.3117
17.4281
22.6954
39.1624
32.4369
17.5695
33.6059
24.5985
37.2065
23.5136
25.6955
32.4262
22.8574
23.787
36.7008
26.1111
31.6258
21.2021
25.0472
25.4648
31.8889
39.9075
21.3578
25.0437
44.0264
20.7656
16.6139
37.1061
23.7329
23.6389
41.3131
16.7032
38.0503
23.454
42.1131
21.0658
19.0273
26.2344
33.3068
21.9472
45.0101
16.8869
27.4259
33.2309
1
1
1
1
1
1
1
1
1
1
1
1
1
1
1
1
1
1
1
1
1
1
1
1
1
1
1
1
1
1
1
1
1
1
1
1
1
1
1
1
1
1
1
1
1
1
1
1
1
1
1
1
1
1
1
1
