4
3
0
1
7
6
5
2
12
11
8
9
15
14
13
10
31
30
24
18
16
25
26
20
29
22
17
19
23
28
27
21
36
35
32
33
39
38
37
34
55
54
48
42
40
49
50
44
53
46
41
43
47
52
51
45
1074.609
528.0874
39.6199
19.6159
27.0688
23.7791
31.6306
23.2466
37.7165
29.2622
33.7117
26.7353
18.3099
37.7793
30.6544
19.6191
43.8751
15.3426
28.207
38.1005
23.9028
37.9764
20.0233
22.3814
43.0597
22.4928
38.1388
20.7624
26.7768
37.1472
24.8517
36.9015
17.2792
24.3346
39.0202
26.9633
21.6825
39.5389
22.9621
40.0063
23.484
19.3196
38.0716
24.5617
41.6655
24.4701
17.9085
37.4664
32.0165
11.3015
44.1643
18.782
39.7771
27.503
18.9439
41.3518
1
1
1
1
1
1
1
1
1
1
1
1
1
1
1
1
1
1
1
1
1
1
1
1
1
1
1
1
1
1
1
1
1
1
1
1
1
1
1
1
1
1
1
1
1
1
1
1
1
1
1
1
1
1
1
1
