5
1
4
2
0
7
6
3
13
9
12
10
8
15
14
11
27
16
23
24
28
30
17
20
18
21
31
29
19
25
22
26
37
33
36
34
32
39
38
35
51
40
47
48
52
54
41
44
42
45
55
53
43
49
46
50
21.9788
36.8872
16.9671
28.263
35.0087
27.0083
39.7503
17.1417
25.6845
23.4488
38.5181
18.6951
35.3682
28.5285
21.4704
38.9238
16.5293
37.1914
27.8467
17.182
38.1898
19.9561
37.34
21.0441
28.7972
38.4118
16.5914
39.0202
29.662
18.5189
34.8345
24.203
24.6427
37.8267
19.1778
38.1305
29.3953
7.0905
40.8837
20.2425
17.1105
36.1343
32.478
36.4262
19.0423
17.8342
37.0551
28.6498
16.984
41.929
16.8924
26.7033
31.8952
21.5035
43.6598
18.6939
1
1
1
1
1
1
1
1
1
1
1
1
1
1
1
1
1
1
1
1
1
1
1
1
1
1
1
1
1
1
1
1
1
1
1
1
1
1
1
1
1
1
1
1
1
1
1
1
1
1
1
1
1
1
1
1
