5
3
4
7
0
6
2
1
13
11
12
15
8
14
10
9
24
30
18
17
22
25
21
29
31
26
28
23
20
19
16
27
37
35
36
39
32
38
34
33
48
54
42
41
46
49
45
53
55
50
52
47
44
43
40
51
12.2773
24.5013
37.9843
18.4572
37.8717
23.7649
18.921
42.4007
13.9128
37.1255
22.812
16.2864
43.6416
15.4066
23.0775
42.7207
12.3899
42.441
16.9639
19.9154
41.9033
13.5099
40.9346
15.4105
30.5196
30.2767
18.4825
19.7759
36.9177
25.6007
22.8554
29.9709
21.4083
35.5851
19.3074
28.1544
32.3618
18.9222
35.0743
20.8067
22.1499
33.9745
21.3803
36.702
28.9611
17.6679
33.0299
19.019
21.4297
25.688
36.2425
31.0423
20.4037
19.6606
26.4533
33.15
1
1
1
1
1
1
1
1
1
1
1
1
1
1
1
1
1
1
1
1
1
1
1
1
1
1
1
1
1
1
1
1
1
1
1
1
1
1
1
1
1
1
1
1
1
1
1
1
1
1
1
1
1
1
1
1
