2
6
4
5
3
0
1
7
10
14
12
13
11
8
9
15
16
30
18
21
17
19
23
27
20
28
29
22
25
26
24
31
34
38
36
37
35
32
33
39
40
54
42
45
41
43
47
51
44
52
53
46
49
50
48
55
17.7857
37.4795
22.0492
22.782
39.9119
23.6278
22.4059
45.5258
22.7208
21.4345
12.6976
37.199
23.6393
36.9454
24.0446
23.0364
38.0705
22.5264
25.4945
35.8258
22.4
39.1139
23.467
22.605
37.9943
21.9911
39.9593
22.75
23.8428
38.752
22.4332
22.3976
37.0347
24.1793
36.6222
23.6243
23.243
39.0487
22.1847
22.8563
36.9367
23.7353
40.9189
20.0596
23.0811
37.0098
22.3601
39.3422
23.1625
23.5567
27.027
27.3027
40.3228
23.055
37.0623
22.5339
2
2
2
2
2
2
2
2
2
2
2
2
2
2
2
2
2
2
2
2
2
2
2
2
2
2
2
2
2
2
2
2
2
2
2
2
2
2
2
2
2
2
2
2
2
2
2
2
2
2
2
2
2
2
2
2
