1
2
4
0
3
5
7
6
9
10
12
8
11
13
15
14
19
23
27
16
24
26
30
29
17
21
20
25
22
28
31
18
33
34
36
32
35
37
39
38
43
47
51
40
48
50
54
53
41
45
44
49
46
52
55
42
17.3428
37.8331
24.7
37.8876
23.3067
22.3222
40.0233
21.7533
22.0602
35.9866
22.9788
40.8063
22.6335
22.5576
37.9998
22.3636
23.2683
39.3031
23.5769
37.7304
22.4142
22.0907
40.6933
23.0463
22.3846
37.982
22.6908
37.8505
24.2923
22.8188
38.065
21.4973
38.9902
21.5775
22.0136
37.2982
21.9129
22.3628
33.1161
25.7106
36.1189
22.4178
21.1437
39.9491
22.925
36.0818
22.8547
20.7131
36.9118
21.5996
23.3533
37.2152
23.2545
37.5921
21.8706
21.1662
2
2
2
2
2
2
2
2
2
2
2
2
2
2
2
2
2
2
2
2
2
2
2
2
2
2
2
2
2
2
2
2
2
2
2
2
2
2
2
2
2
2
2
2
2
2
2
2
2
2
2
2
2
2
2
2
