6
3
7
0
5
4
1
2
14
11
15
8
13
12
9
10
21
18
25
29
30
22
26
19
24
17
23
16
28
27
31
20
38
35
39
32
37
36
33
34
45
42
49
53
54
46
50
43
48
41
47
40
52
51
55
44
723.4097
523.8372
24.2588
40.4132
21.7169
22.2566
34.5545
22.9776
36.574
23.1949
23.3869
38.9855
23.4216
22.1471
39.8475
23.8459
39.1834
25.5692
22.9851
39.8459
24.0359
22.9171
37.0272
23.1091
40.3232
24.862
23.7041
37.7367
24.7976
40.1881
22.3988
24.4049
30.4446
35.9652
24.0573
18.5999
38.4901
25.0991
23.232
37.9445
24.1493
38.6608
24.0561
24.9782
39.6516
21.9145
24.8656
38.2282
22.3384
40.5385
24.0743
23.6429
27.6962
28.6665
38.4952
22.594
2
2
2
2
2
2
2
2
2
2
2
2
2
2
2
2
2
2
2
2
2
2
2
2
2
2
2
2
2
2
2
2
2
2
2
2
2
2
2
2
2
2
2
2
2
2
2
2
2
2
2
2
2
2
2
2
