6
0
5
2
7
4
3
1
14
8
13
10
15
12
11
9
16
29
20
30
21
18
27
22
19
26
31
28
25
24
17
23
38
32
37
34
39
36
35
33
40
53
44
54
45
42
51
46
43
50
55
52
49
48
41
47
31.2174
21.4416
22.2992
35.7073
23.5101
37.2678
23.9767
21.1982
38.9622
21.7521
35.4734
19.0289
19.8609
35.9838
19.2916
21.6166
35.8953
20.4389
36.4638
21.3017
21.9504
37.5708
22.2787
21.7754
36.9458
22.1843
37.7655
22.6169
22.846
36.8233
21.8078
22.0492
36.5002
23.3296
39.6508
22.0002
21.4842
38.1088
28.5393
22.0468
22.2795
37.6051
21.6719
39.0155
20.7561
23.1478
37.2227
21.7402
21.9295
36.4551
23.1174
40.1008
21.9208
23.153
36.589
22.6686
2
2
2
2
2
2
2
2
2
2
2
2
2
2
2
2
2
2
2
2
2
2
2
2
2
2
2
2
2
2
2
2
2
2
2
2
2
2
2
2
2
2
2
2
2
2
2
2
2
2
2
2
2
2
2
2
