0
3
4
1
7
6
5
2
8
11
12
9
15
14
13
10
17
16
26
28
25
18
24
19
31
22
27
29
30
21
23
20
32
35
36
33
39
38
37
34
41
40
50
52
49
42
48
43
55
46
51
53
54
45
47
44
18.1274
24.3666
37.741
23.2336
36.3026
23.9704
22.0176
31.5595
23.057
21.6229
36.8012
22.8195
39.2004
22.7919
22.4545
37.7438
23.0092
21.7975
37.0185
23.471
37.44
22.9772
22.274
37.3993
23.1411
37.9658
19.6124
23.5291
37.2152
21.4744
24.1355
36.2145
23.1557
37.4586
22.9519
22.2736
37.5107
20.6171
20.7427
35.4623
21.1279
37.4914
21.3629
20.5286
36.4065
22.9408
23.1261
37.8066
22.1657
37.3227
21.5996
21.873
38.285
22.4707
36.4733
28.7245
2
2
2
2
2
2
2
2
2
2
2
2
2
2
2
2
2
2
2
2
2
2
2
2
2
2
2
2
2
2
2
2
2
2
2
2
2
2
2
2
2
2
2
2
2
2
2
2
2
2
2
2
2
2
2
2
