3
0
1
6
5
4
7
2
11
8
9
14
13
12
15
10
28
26
22
19
31
17
29
25
24
21
23
18
16
27
30
20
35
32
33
38
37
36
39
34
52
50
46
43
55
41
53
49
48
45
47
42
40
51
54
44
35.9269
24.7455
20.2572
37.5103
24.1379
40.2876
23.7471
21.7469
38.3471
24.9948
17.7872
40.4907
23.618
38.9405
22.1681
38.3775
24.6325
22.078
36.109
24.4535
25.9239
39.4801
23.5259
39.8471
22.5173
24.4314
39.7926
23.5828
23.2976
39.5726
22.8563
39.6496
22.4964
23.7333
39.0578
23.891
41.2164
24.269
22.8847
36.8138
22.3838
24.1576
39.3043
25.1062
37.2271
23.1518
20.5234
40.1067
24.8031
23.8507
39.6247
22.0804
38.8867
20.0549
23.1415
38.6272
2
2
2
2
2
2
2
2
2
2
2
2
2
2
2
2
2
2
2
2
2
2
2
2
2
2
2
2
2
2
2
2
2
2
2
2
2
2
2
2
2
2
2
2
2
2
2
2
2
2
2
2
2
2
2
2
