4
6
1
5
0
7
3
2
12
14
9
13
8
15
11
10
25
28
18
30
24
31
20
16
27
17
21
22
29
26
23
19
36
38
33
37
32
39
35
34
49
52
42
54
48
55
44
40
51
41
45
46
53
50
47
43
18.123
36.6949
23.0068
37.1713
22.43
24.8885
36.8521
22.545
19.9344
37.0516
21.7801
37.9962
22.9467
22.0657
37.6592
21.3452
21.4313
37.596
22.7468
38.0891
21.6873
22.9211
36.843
22.2566
38.0369
23.4362
22.1989
38.4114
22.0729
21.4309
37.2677
22.9183
40.1967
20.3709
21.8583
36.7368
22.7342
22.0472
38.0041
23.1786
37.8501
24.3567
19.9684
38.5671
20.9805
24.143
36.1351
22.0448
37.8904
22.4308
21.0915
38.4553
22.7413
39.2375
22.0349
21.6778
1
1
1
1
1
1
1
1
1
1
1
1
1
1
1
1
1
1
1
1
1
1
1
1
1
1
1
1
1
1
1
1
1
1
1
1
1
1
1
1
1
1
1
1
1
1
1
1
1
1
1
1
1
1
1
1
