7
4
2
5
1
6
3
0
15
12
10
13
9
14
11
8
17
23
22
20
27
16
19
26
21
25
30
28
29
31
18
24
39
36
34
37
33
38
35
32
41
47
46
44
51
40
43
50
45
49
54
52
53
55
42
48
32.8727
22.208
22.0808
34.332
23.889
39.2944
23.2486
22.833
36.5914
23.2987
23.2189
39.9308
22.9645
39.4173
23.2545
20.4725
40.1754
21.6588
23.7922
39.1139
23.2707
38.1712
23.4647
22.1783
39.294
23.5915
23.4793
39.2055
23.0822
37.5877
22.9878
22.8247
38.9108
22.5193
38.8037
23.2324
22.3016
38.3064
23.0854
23.5765
38.6935
25.0256
37.2547
23.5374
22.1515
38.9823
23.4414
22.893
37.867
23.8159
37.7386
23.7673
23.2051
39.2205
23.8159
37.5012
1
1
1
1
1
1
1
1
1
1
1
1
1
1
1
1
1
1
1
1
1
1
1
1
1
1
1
1
1
1
1
1
1
1
1
1
1
1
1
1
1
1
1
1
1
1
1
1
1
1
1
1
1
1
1
1
