2
5
6
3
1
7
4
0
10
13
14
11
9
15
12
8
29
19
31
25
22
27
30
23
20
28
24
26
16
17
18
21
34
37
38
35
33
39
36
32
53
43
55
49
46
51
54
47
44
52
48
50
40
41
42
45
30.8025
21.9844
38.8705
22.5615
22.7322
37.3353
23.0526
21.9054
38.4205
22.7468
38.2084
21.3629
22.2459
36.7079
23.7459
22.6485
39.7539
22.4968
37.3234
22.9878
21.6482
37.3412
23.9936
37.9966
22.7535
21.2239
37.5652
23.2221
21.6055
38.5458
23.7617
37.1982
23.1103
20.8403
38.498
22.2072
23.5374
38.0314
22.5165
38.0219
21.9954
22.044
28.8339
22.7788
36.6064
22.4162
38.7939
21.7908
23.7621
37.5289
22.3206
37.4483
22.1704
23.9597
37.4372
22.9953
1
1
1
1
1
1
1
1
1
1
1
1
1
1
1
1
1
1
1
1
1
1
1
1
1
1
1
1
1
1
1
1
1
1
1
1
1
1
1
1
1
1
1
1
1
1
1
1
1
1
1
1
1
1
1
1
