6
3
2
4
1
5
0
7
14
11
10
12
9
13
8
15
20
24
30
19
29
26
27
18
25
22
31
16
28
21
17
23
38
35
34
36
33
37
32
39
44
48
54
43
53
50
51
42
49
46
55
40
52
45
41
47
18.5185
21.8283
39.006
23.7594
22.652
39.3683
22.2755
37.7572
22.4205
22.6299
39.1723
23.4903
22.8622
37.2847
24.1446
36.2651
23.5038
23.1379
39.3485
20.2876
21.8793
38.5394
22.8041
39.2845
23.0044
22.8796
38.0136
22.7994
38.0247
23.2213
22.7085
38.4987
22.5248
22.0353
287.3511
526.1606
20.9781
38.8286
23.915
22.8337
36.862
22.6647
22.2795
37.6478
22.1787
40.1513
21.9433
22.159
37.8694
23.9802
36.4345
22.9128
23.0743
38.9479
22.1874
22.2392
1
1
1
1
1
1
1
1
1
1
1
1
1
1
1
1
1
1
1
1
1
1
1
1
1
1
1
1
1
1
1
1
1
1
1
1
1
1
1
1
1
1
1
1
1
1
1
1
1
1
1
1
1
1
1
1
