0
7
6
4
5
3
1
2
8
15
14
12
13
11
9
10
22
21
18
16
19
29
28
17
27
25
30
26
24
23
31
20
32
39
38
36
37
35
33
34
46
45
42
40
43
53
52
41
51
49
54
50
48
47
55
44
2401.583
508.1106
40.3658
23.8866
38.8401
24.0616
24.4069
37.2942
22.5153
24.0553
38.812
24.7387
38.5307
23.8925
24.0466
40.3931
23.7574
40.3694
24.1813
22.1139
38.8255
23.7851
22.7417
39.6737
23.7471
39.7144
22.9894
22.8898
40.5993
23.6578
23.5757
38.8539
24.0296
38.722
23.8656
23.9988
40.2173
23.7926
39.3631
23.8182
23.0822
38.4225
24.2959
24.0596
39.5919
24.9047
39.0218
22.5461
24.736
39.4927
24.5685
23.4998
37.9824
24.9418
38.1614
24.2568
1
1
1
1
1
1
1
1
1
1
1
1
1
1
1
1
1
1
1
1
1
1
1
1
1
1
1
1
1
1
1
1
1
1
1
1
1
1
1
1
1
1
1
1
1
1
1
1
1
1
1
1
1
1
1
1
