0
7
2
4
3
6
1
5
8
15
10
12
11
14
9
13
28
24
16
19
22
20
21
17
18
30
26
25
31
29
23
27
32
39
34
36
35
38
33
37
52
48
40
43
46
44
45
41
42
54
50
49
55
53
47
51
18.202
38.8642
24.5064
22.5382
40.2453
22.2182
39.7776
23.9443
22.0037
40.0221
22.4983
37.7027
24.3844
23.9601
40.0434
23.0633
23.2142
37.2997
24.0513
40.6708
23.9103
22.7093
40.2572
22.4592
22.4727
38.6994
24.0604
38.9618
23.8155
23.3169
38.5157
24.3188
23.2865
36.5234
22.4075
40.3587
23.8317
22.3052
37.9299
22.8077
38.639
23.983
23.7037
39.3244
22.1558
23.2557
37.4751
23.552
38.9041
23.9427
23.0092
37.6964
21.1907
23.5449
38.7682
24.0612
1
1
1
1
1
1
1
1
1
1
1
1
1
1
1
1
1
1
1
1
1
1
1
1
1
1
1
1
1
1
1
1
1
1
1
1
1
1
1
1
1
1
1
1
1
1
1
1
1
1
1
1
1
1
1
1
