1
7
5
2
4
6
3
0
9
15
13
10
12
14
11
8
19
27
18
30
17
25
29
22
31
21
23
26
16
24
28
20
33
39
37
34
36
38
35
32
43
51
42
54
41
49
53
46
55
45
47
50
40
48
52
44
17.4234
22.1755
38.121
21.2452
36.2303
22.6303
23.1703
38.4572
21.8006
23.2687
37.7868
24.5518
35.3362
22.8677
21.7844
39.3019
23.9652
38.0701
23.6132
24.207
35.5745
23.4552
22.8618
38.2455
23.4599
36.6731
29.5695
22.1151
22.1455
39.196
23.5239
20.6822
38.8705
24.378
37.2017
23.4089
20.8995
36.2105
22.7184
22.3193
38.8025
23.2722
36.6052
23.3034
24.521
38.6307
23.2477
37.0745
23.2635
24.5838
38.2692
15.1814
23.6953
37.4249
23.0403
38.2921
1
1
1
1
1
1
1
1
1
1
1
1
1
1
1
1
1
1
1
1
1
1
1
1
1
1
1
1
1
1
1
1
1
1
1
1
1
1
1
1
1
1
1
1
1
1
1
1
1
1
1
1
1
1
1
1
