4
3
6
0
1
7
5
2
12
11
14
8
9
15
13
10
18
31
26
22
30
16
17
19
23
28
24
27
25
20
21
29
36
35
38
32
33
39
37
34
42
55
50
46
54
40
41
43
47
52
48
51
49
44
45
53
16.5396
19.9984
38.4916
23.2462
37.8642
23.4034
20.1339
38.3225
22.7946
20.297
36.8754
21.2551
36.4618
21.8781
22.2115
37.9567
22.5955
20.6775
37.4858
24.1627
36.954
20.9564
21.8575
34.9202
21.8583
37.0939
22.0922
22.3261
36.3338
20.7936
21.4933
36.7122
21.7888
38.1771
22.4588
21.0891
37.4775
21.677
21.6343
35.5788
22.3391
38.6907
22.0701
21.786
37.8824
19.9
21.5035
38.1605
22.8906
38.3956
21.231
21.4119
37.5869
21.7951
38.2621
12.5337
1
1
1
1
1
1
1
1
1
1
1
1
1
1
1
1
1
1
1
1
1
1
1
1
1
1
1
1
1
1
1
1
1
1
1
1
1
1
1
1
1
1
1
1
1
1
1
1
1
1
1
1
1
1
1
1
