7
2
0
1
5
3
4
6
15
10
8
9
13
11
12
14
18
17
29
25
22
27
21
31
20
26
16
19
23
30
24
28
39
34
32
33
37
35
36
38
42
41
53
49
46
51
45
55
44
50
40
43
47
54
48
52
999.561
516.334
25.3937
41.1638
23.2039
20.4665
38.377
25.1962
35.3098
24.4511
23.192
39.3236
24.9469
23.5547
39.9371
23.9205
40.0228
23.5966
19.7542
39.3169
24.361
39.386
21.1741
23.4674
40.6688
23.915
24.5882
39.7736
21.7599
39.2608
25.5355
23.5432
37.3621
24.2702
21.3783
39.6467
24.1339
40.1667
25.144
23.0032
38.8124
24.218
23.1288
40.1505
23.1486
35.7593
24.41
23.1561
38.8957
24.5759
36.9951
23.9897
24.3551
39.9628
24.0497
19.6815
1
1
1
1
1
1
1
1
1
1
1
1
1
1
1
1
1
1
1
1
1
1
1
1
1
1
1
1
1
1
1
1
1
1
1
1
1
1
1
1
1
1
1
1
1
1
1
1
1
1
1
1
1
1
1
1
