7
0
2
6
3
4
5
1
15
8
10
14
11
12
13
9
29
26
27
16
25
31
30
20
23
24
17
19
22
18
21
28
39
32
34
38
35
36
37
33
53
50
51
40
49
55
54
44
47
48
41
43
46
42
45
52
31.8443
22.4552
37.694
22.1696
21.8382
35.9869
22.9562
37.9756
21.9871
22.6267
37.7951
21.7268
21.5071
37.3495
22.744
38.3189
19.6539
22.1443
37.1073
23.0004
21.5948
38.3873
20.4333
38.2684
22.6251
21.6181
37.9342
20.0296
38.3355
23.0467
21.8848
37.7773
20.6913
21.2661
38.4963
22.0266
38.7421
22.1795
20.6249
36.8718
22.0033
22.3557
38.8985
20.888
37.7544
21.3692
22.2976
37.0662
22.6085
21.5502
36.8963
22.458
36.8679
22.2056
19.7222
37.658
1
1
1
1
1
1
1
1
1
1
1
1
1
1
1
1
1
1
1
1
1
1
1
1
1
1
1
1
1
1
1
1
1
1
1
1
1
1
1
1
1
1
1
1
1
1
1
1
1
1
1
1
1
1
1
1
