4
5
3
7
6
1
0
2
12
13
11
15
14
9
8
10
26
16
17
21
23
27
24
20
31
25
28
30
18
19
22
29
36
37
35
39
38
33
32
34
50
40
41
45
47
51
48
44
55
49
52
54
42
43
46
53
18.9578
23.3287
37.9839
22.4426
22.4738
38.0128
23.4062
24.9781
33.9448
23.2983
38.7397
22.7638
23.0818
36.7292
22.7602
38.9218
23.6519
22.8768
38.0693
21.9097
39.3505
23.0443
23.3121
39.4587
21.6695
21.6323
38.1467
23.3414
39.0079
22.0973
22.4699
38.3423
23.2343
21.9824
41.2712
37.88
8.2465
38.7065
22.872
23.0166
37.9982
22.1637
38.6062
23.1873
23.7349
38.2688
35.0676
23.0862
23.1245
23.2074
39.1924
21.1764
36.7359
23.0866
22.5406
38.7073
1
1
1
1
1
1
1
1
1
1
1
1
1
1
1
1
1
1
1
1
1
1
1
1
1
1
1
1
1
1
1
1
1
1
1
1
1
1
1
1
1
1
1
1
1
1
1
1
1
1
1
1
1
1
1
1
