2
7
5
6
1
3
0
4
10
15
13
14
9
11
8
12
18
26
25
17
31
21
22
24
16
29
19
28
20
23
27
30
34
39
37
38
33
35
32
36
42
50
49
41
55
45
46
48
40
53
43
52
44
47
51
54
34.1996
24.8244
39.0222
23.998
24.3488
37.4684
24.0533
22.8491
39.0597
24.1441
38.9949
23.3659
22.8373
39.1616
23.8123
24.4274
36.3666
24.0509
38.9487
23.996
19.3244
37.1824
23.7945
39.7435
23.9039
23.2359
38.2202
23.3212
18.7745
39.6519
23.757
25.2669
36.4009
22.7851
39.9241
23.2205
22.155
39.0364
22.9989
38.0874
21.8393
22.4552
35.3252
21.8326
38.3754
24.2951
22.1669
38.5742
21.4087
22.2502
38.7914
21.8212
38.2767
22.5358
21.1385
39.0723
1
1
1
1
1
1
1
1
1
1
1
1
1
1
1
1
1
1
1
1
1
1
1
1
1
1
1
1
1
1
1
1
1
1
1
1
1
1
1
1
1
1
1
1
1
1
1
1
1
1
1
1
1
1
1
1
