2
7
4
3
1
5
6
0
10
15
12
11
9
13
14
8
31
17
18
22
24
25
30
29
23
19
16
28
20
26
27
21
34
39
36
35
33
37
38
32
55
41
42
46
48
49
54
53
47
43
40
52
44
50
51
45
14.9929
38.7254
24.2243
24.0801
37.8045
21.9112
24.3511
39.463
23.3773
34.6599
30.4236
24.9319
38.9123
24.0343
22.8448
38.5164
21.773
37.9602
22.4256
22.3956
37.7421
21.7066
21.9887
38.9486
23.1205
39.9501
23.5523
22.0037
39.399
23.6693
21.033
40.4041
21.9065
38.7993
24.0639
23.531
39.3473
22.1372
25.24
38.0408
23.2122
40.3527
14.6216
39.2698
22.6453
37.7702
22.8013
22.6121
39.9912
22.8274
24.2389
147.534
524.3687
22.9807
23.8455
37.9811
1
1
1
1
1
1
1
1
1
1
1
1
1
1
1
1
1
1
1
1
1
1
1
1
1
1
1
1
1
1
1
1
1
1
1
1
1
1
1
1
1
1
1
1
1
1
1
1
1
1
1
2
2
2
2
2
