1
2
0
5
4
6
3
7
9
10
8
13
12
14
11
15
16
20
29
30
21
25
18
26
22
17
19
28
27
24
23
31
33
34
32
37
36
38
35
39
40
44
53
54
45
49
42
50
46
41
43
52
51
48
47
55
955.4311
510.0734
40.9168
23.2612
24.6352
40.9674
23.6527
38.3794
24.7359
21.4538
39.4306
22.9577
38.9309
26.6449
22.6946
39.4113
25.4723
20.5807
39.9825
25.4
39.5839
24.3819
18.8957
39.3982
25.8496
23.3437
39.6151
24.7979
38.0376
23.9027
24.12
40.2215
24.2318
24.7687
38.3884
24.2034
39.237
25.0318
25.037
37.7856
24.024
39.3718
24.9342
22.9807
37.8926
24.2251
24.7415
39.5096
24.3958
39.4211
23.4279
23.8091
32.9967
24.3045
21.1187
39.4579
1
1
1
1
1
1
1
1
1
1
1
1
1
1
1
1
1
1
1
1
1
1
1
1
1
1
1
1
1
1
1
1
1
1
1
1
1
1
1
1
1
1
1
1
1
1
1
1
1
1
1
1
1
1
1
1
