7
5
6
0
4
2
3
1
15
13
14
8
12
10
11
9
31
17
18
16
19
23
21
28
24
27
20
22
25
26
30
29
39
37
38
32
36
34
35
33
55
41
42
40
43
47
45
52
48
51
44
46
49
50
54
53
32.3626
28.3385
23.1608
22.2727
38.5868
22.6701
37.3878
22.7231
21.6473
38.6034
23.7957
38.0313
22.3707
20.845
38.5642
23.1889
22.8487
40.0675
21.6106
38.6634
22.7436
24.2603
37.786
19.7858
23.7605
38.3884
22.7314
39.1561
19.8593
23.7451
38.8598
22.6445
22.5026
38.0661
21.1981
39.6617
22.4027
22.4631
38.3363
22.0843
34.5923
22.584
23.318
39.1462
24.263
20.6794
38.7756
22.9858
37.415
23.7593
21.4806
38.0143
22.3991
21.6971
38.8914
22.8985
2
2
2
2
2
2
2
2
2
2
2
2
2
2
2
2
2
2
2
2
2
2
2
2
2
2
2
2
2
2
2
2
2
2
2
2
2
2
2
2
2
2
2
2
2
2
2
2
2
2
2
2
2
2
2
2
