6
2
3
1
0
7
4
5
14
10
11
9
8
15
12
13
20
23
21
26
30
24
29
22
17
16
28
19
18
31
27
25
38
34
35
33
32
39
36
37
44
47
45
50
54
48
53
46
41
40
52
43
42
55
51
49
33.8188
24.6324
22.0669
38.4426
23.866
23.8308
37.3372
23.7961
38.7444
22.2138
23.3382
38.1771
23.0636
22.6397
39.5519
21.2657
38.9562
24.5732
21.1701
36.6798
23.7238
39.16
22.8155
23.0842
37.3834
23.1434
23.4654
37.496
24.1481
38.3841
22.1815
20.5977
37.5821
20.3788
18.3806
37.2712
21.8374
37.2289
20.5929
22.3873
39.3224
22.9261
24.1793
38.1988
22.9653
39.2473
21.4237
22.7476
40.2148
21.9981
38.7752
22.2056
20.7928
38.7977
24.2816
22.4501
2
2
2
2
2
2
2
2
2
2
2
2
2
2
2
2
2
2
2
2
2
2
2
2
2
2
2
2
2
2
2
2
2
2
2
2
2
2
2
2
2
2
2
2
2
2
2
2
2
2
2
2
2
2
2
2
