3
1
2
6
4
0
5
7
11
9
10
14
12
8
13
15
28
17
24
16
30
19
23
29
27
21
31
26
25
22
20
18
35
33
34
38
36
32
37
39
52
41
48
40
54
43
47
53
51
45
55
50
49
46
44
42
18.7654
38.3845
23.2683
24.1868
39.0944
22.6571
38.6832
23.6941
23.3141
36.8643
22.823
22.7962
38.6697
24.3721
38.8025
22.8143
23.3323
38.5089
24.7652
39.6526
21.3084
23.0557
32.4858
23.4291
21.4146
39.7344
23.0063
37.0539
24.4136
23.0648
39.4535
23.0462
22.5307
38.8337
23.0798
38.1028
21.272
23.753
38.9218
22.9842
22.5947
39.1892
22.0001
38.9162
23.0135
24.0868
38.4098
21.8441
23.0707
37.8259
23.6448
38.4307
24.6071
21.5134
36.7568
23.6677
2
2
2
2
2
2
2
2
2
2
2
2
2
2
2
2
2
2
2
2
2
2
2
2
2
2
2
2
2
2
2
2
2
2
2
2
2
2
2
2
2
2
2
2
2
2
2
2
2
2
2
2
2
2
2
2
