5
2
6
0
3
4
7
1
13
10
14
8
11
12
15
9
23
25
21
26
18
28
16
24
17
19
22
20
30
27
31
29
37
34
38
32
35
36
39
33
47
49
45
50
42
52
40
48
41
43
46
44
54
51
55
53
30.6164
23.5902
23.6997
37.4162
22.9242
21.0302
39.4452
21.7975
38.2249
22.9111
23.5223
34.8191
23.3125
39.4346
22.9886
22.3146
37.3941
22.0317
23.015
38.5141
24.0078
36.8378
22.9842
22.6666
38.3794
22.8768
22.2952
37.2783
23.9817
38.0906
22.9878
21.8018
38.3426
22.7377
23.1332
38.6085
508.2921
38.102
22.806
22.6196
39.1031
20.743
23.1399
38.0313
23.725
37.3143
22.5986
20.5151
35.6025
20.4021
20.4045
36.841
21.1922
36.8924
20.521
21.4948
2
2
2
2
2
2
2
2
2
2
2
2
2
2
2
2
2
2
2
2
2
2
2
2
2
2
2
2
2
2
2
2
2
2
2
1
1
1
1
1
1
1
1
1
1
1
1
1
1
1
1
1
1
1
1
1
