6
4
0
2
3
7
1
5
14
12
8
10
11
15
9
13
28
27
23
26
30
17
20
29
21
19
31
24
22
25
18
16
38
36
32
34
35
39
33
37
52
51
47
50
54
41
44
53
45
43
55
48
46
49
42
40
17.0342
22.1941
38.2953
22.8093
22.1321
37.6387
23.5346
37.1362
22.2356
21.8706
38.2273
22.6785
38.4513
20.8363
22.4517
36.753
20.7308
179.2649
506.9341
39.4753
23.552
20.2323
38.6129
22.014
38.4857
22.6192
20.2524
37.8884
23.4283
38.0942
22.9614
22.6536
26.6844
23.3691
37.4408
22.7164
38.1543
21.0895
23.0542
38.3798
20.7814
37.916
22.9866
21.2432
38.3352
23.3181
23.6326
37.4921
21.5348
37.3286
23.1672
20.1631
38.4628
22.7247
21.3807
38.3435
2
2
2
2
2
2
2
2
2
2
2
2
2
2
2
2
2
1
1
1
1
1
1
1
1
1
1
1
1
1
1
1
1
1
1
1
1
1
1
1
1
1
1
1
1
1
1
1
1
1
1
1
1
1
1
1
