4
3
6
0
7
1
5
2
12
11
14
8
15
9
13
10
20
29
18
23
24
30
16
27
19
26
22
31
25
17
28
21
36
35
38
32
39
33
37
34
44
53
42
47
48
54
40
51
43
50
46
55
49
41
52
45
206.7802
209.8245
223.5893
273.0044
210.717
272.8531
209.0944
226.0011
208.8428
194.0714
242.2982
226.4653
211.0575
211.1578
242.4756
242.2255
195.3194
256.1953
241.9095
226.715
225.1916
210.8122
195.2167
195.5351
195.4624
179.7421
210.7738
212.1621
227.0954
195.0488
179.3008
195.0867
179.6354
177.9209
212.2225
181.3808
5471.425
213.7984
206.6079
196.0692
229.8751
275.8485
213.6914
184.004
231.7987
231.2606
215.8298
193.3236
227.5581
196.1257
205.1292
189.3496
191.1108
207.6845
462.038
192.2549
2
2
2
2
2
2
2
2
2
2
2
2
2
2
2
2
2
2
2
2
2
2
2
2
2
2
2
2
2
2
2
2
2
2
2
2
2
2
2
2
2
2
2
2
2
2
2
2
2
2
2
2
2
2
2
2
