2
4
6
1
5
7
0
3
10
12
14
9
13
15
8
11
21
16
26
18
24
20
23
17
25
28
31
29
27
22
30
19
34
36
38
33
37
39
32
35
45
40
50
42
48
44
47
41
49
52
55
53
51
46
54
43
155.5774
195.7603
194.2089
180.3568
179.6702
195.5268
195.7184
179.7141
177.956
180.0001
162.6565
178.5154
179.9641
178.3167
194.4819
195.1653
210.3693
195.8496
210.8497
195.8105
178.4846
366.5792
209.5681
195.3392
208.0981
210.3432
194.7588
195.6963
164.4591
412.5526
185.3251
207.4857
223.7485
241.1087
257.6804
191.8899
162.1844
195.6295
199.6845
190.7237
189.6052
195.6311
210.8493
192.1095
180.6176
190.6774
176.1257
241.4022
242.3219
193.8778
195.6532
163.8966
383.2121
179.8583
195.4759
211.6055
2
2
2
2
2
2
2
2
2
2
2
2
2
2
2
2
2
2
2
2
2
2
2
2
2
2
2
2
2
2
2
2
2
2
2
2
2
2
2
2
2
2
2
2
2
2
2
2
2
2
2
2
2
2
2
2
