1
5
0
7
3
6
2
4
9
13
8
15
11
14
10
12
31
17
29
23
27
30
28
22
19
16
18
26
25
20
21
24
33
37
32
39
35
38
34
36
55
41
53
47
51
54
52
46
43
40
42
50
49
44
45
48
1637.543
231.528
171.1831
508.6676
38.814
182.2824
180.2237
180.9356
194.7553
225.2019
228.3683
208.7736
177.7617
211.0219
193.9169
194.1552
211.4968
196.9886
179.7326
194.8576
165.043
192.187
179.3068
214.0718
175.9689
205.1936
180.0827
185.3635
135.3905
162.0919
418.7329
132.8712
131.5015
149.4432
135.5845
305.0838
195.9744
164.1545
164.9119
163.3613
179.0464
164.7017
161.9572
186.2851
178.7019
164.0499
173.9928
172.1344
163.6556
160.2628
171.5221
163.0397
164.2
167.72
160.5354
164.2031
1
1
1
1
1
1
1
1
1
1
1
1
1
1
1
1
1
1
1
1
1
1
1
1
1
2
2
2
2
2
2
2
2
2
2
2
2
2
2
2
2
2
2
2
2
2
2
2
2
2
2
2
2
2
2
2
