6
3
2
4
0
1
5
7
14
11
10
12
8
9
13
15
27
19
28
31
21
26
18
16
23
29
17
30
20
25
22
24
38
35
34
36
32
33
37
39
51
43
52
55
45
50
42
40
47
53
41
54
44
49
46
48
15.145
36.9548
22.7496
21.3313
38.4703
22.8646
22.1815
37.9749
22.2352
36.2809
22.9333
22.8401
37.7434
22.7184
37.2626
22.5837
22.6737
37.952
22.8507
21.7477
35.7961
22.75
38.4122
22.3293
22.9574
37.3456
22.2356
21.615
38.3877
22.3217
37.9761
23.2312
21.8236
38.1487
22.6283
21.9144
35.9411
21.9638
38.1096
22.3419
22.5951
37.4024
23.1182
36.0367
22.7575
22.5608
38.1017
22.1799
22.2388
37.9382
22.7042
37.5099
20.2263
22.3431
36.9548
22.4592
1
1
1
1
1
1
1
1
1
1
1
1
1
1
1
1
1
1
1
1
1
1
1
1
1
1
1
1
1
1
1
1
1
1
1
1
1
1
1
1
1
1
1
1
1
1
1
1
1
1
1
1
1
1
1
1
