0
4
6
5
1
7
3
2
8
12
14
13
9
15
11
10
30
17
29
31
28
20
16
19
26
18
27
24
25
22
23
21
32
36
38
37
33
39
35
34
54
41
53
55
52
44
40
43
50
42
51
48
49
46
47
45
2775.194
179.8397
146.0188
522.8685
22.8642
38.5544
22.3589
23.4737
38.208
21.9697
23.8427
37.6656
21.547
38.8413
23.5243
22.8373
38.8962
21.8903
36.2852
24.6728
20.7936
38.6738
23.503
21.9776
38.114
23.4295
37.6099
23.1059
21.0319
38.4182
23.6812
22.4991
37.9954
23.228
37.7335
23.328
22.6449
38.1108
23.1407
37.276
23.296
22.9732
38.754
22.991
21.9208
37.1555
22.769
38.6761
22.9866
23.1186
37.4459
21.3534
22.6959
37.9062
23.2047
37.5988
2
2
2
2
2
2
2
2
2
2
2
2
2
2
2
2
2
2
2
2
2
2
2
2
2
2
2
2
2
2
2
2
2
2
2
2
2
2
2
2
2
2
2
2
2
2
2
2
2
2
2
2
2
2
2
2
