4
2
6
5
7
3
0
1
12
10
14
13
15
11
8
9
29
26
30
16
23
22
31
19
28
17
20
25
21
24
18
27
36
34
38
37
39
35
32
33
53
50
54
40
47
46
55
43
52
41
44
49
45
48
42
51
25.5446
30.0021
21.7682
38.9846
23.3177
28.5969
33.2191
21.6932
43.0557
16.4673
28.0888
34.8377
22.6615
41.0492
20.1655
27.9873
19.4073
34.4813
23.0573
36.3922
28.6561
25.8113
32.7889
21.8559
38.2261
28.1836
24.2184
35.7945
23.8072
37.9958
28.7324
18.2237
37.4241
23.6867
36.4242
27.9462
19.9395
36.6368
23.516
22.9783
40.3796
22.4039
35.0016
24.8225
24.2966
34.0507
27.9332
20.5277
38.5959
23.0925
43.5946
20.7889
17.5577
38.5955
24.6135
40.4851
1
1
1
1
1
1
1
1
1
1
1
1
1
1
1
1
1
1
1
1
1
1
1
1
1
1
1
1
1
1
1
1
1
1
1
1
1
1
1
1
1
1
1
1
1
1
1
1
1
1
1
1
1
1
1
1
