1
2
6
5
3
7
0
4
9
10
14
13
11
15
8
12
23
22
25
20
21
28
29
24
26
17
19
18
31
16
27
30
33
34
38
37
35
39
32
36
47
46
49
44
45
52
53
48
50
41
43
42
55
40
51
54
35.9095
17.6955
21.9492
38.9609
22.7389
40.6613
23.0245
18.0566
25.5284
32.0635
36.798
26.3885
18.153
24.3484
35.9754
20.585
41.2961
15.5638
26.6733
35.0553
20.0711
39.6732
18.8104
23.7534
35.9885
23.7293
40.9556
14.97
26.4639
23.4125
31.6124
19.0072
34.0503
24.4657
18.9044
32.0967
21.1717
35.7795
23.5144
20.0063
36.6281
20.0217
39.1367
25.2855
21.8496
34.2384
22.0934
34.9937
26.9349
19.96
32.5242
22.7014
37.4937
27.5136
18.7922
34.1463
1
1
1
1
1
1
1
1
1
1
1
1
1
1
1
1
1
1
1
1
1
1
1
1
1
1
1
1
1
1
1
1
1
1
1
1
1
1
1
1
1
1
1
1
1
1
1
1
1
1
1
1
1
1
1
1
