0
4
3
2
1
7
6
5
8
12
11
10
9
15
14
13
27
29
18
26
24
21
28
23
25
22
30
17
20
16
31
19
32
36
35
34
33
39
38
37
51
53
42
50
48
45
52
47
49
46
54
41
44
40
55
43
14.6022
39.738
20.7273
8.111
23.6918
32.4416
20.2638
40.4957
16.4033
27.7969
33.5924
23.2327
40.1919
19.0897
28.5273
34.7168
21.1539
36.6534
22.8807
29.0713
20.877
33.2187
41.9752
17.2483
27.3943
31.0518
22.8803
22.8993
35.7601
25.2424
23.7827
30.7452
24.5112
36.4578
26.9108
23.0676
34.983
22.5789
36.7608
28.6941
17.6173
36.327
23.2817
38.296
22.8957
20.6783
33.7481
23.4176
23.3781
38.6741
24.0628
34.6449
22.8551
20.6672
42.2704
19.2098
1
1
1
1
1
1
1
1
1
1
1
1
1
1
1
1
1
1
1
1
1
1
1
1
1
1
1
1
1
1
1
1
1
1
1
1
1
1
1
1
1
1
1
1
1
1
1
1
1
1
1
1
1
1
1
1
