4
5
1
7
0
3
2
6
12
13
9
15
8
11
10
14
19
23
29
16
27
25
31
26
18
30
20
22
17
24
21
28
36
37
33
39
32
35
34
38
43
47
53
40
51
49
55
50
42
54
44
46
41
48
45
52
2010.012
526.4637
20.4815
26.7191
36.5755
24.8845
42.411
18.8448
24.4894
36.6075
24.1781
44.1477
17.9022
28.5404
35.1118
24.9125
22.6544
39.4066
26.2348
23.9035
34.1858
23.3844
38.2905
27.8644
21.1053
32.4286
20.926
38.1589
26.3071
22.4651
33.7896
22.5145
39.2801
27.7534
19.9818
39.2319
24.5625
22.3612
40.1722
27.3489
32.9718
24.954
21.7627
42.9578
26.3494
15.8407
29.2776
31.8071
39.2497
25.8883
19.6234
39.5741
22.059
44.4467
23.1371
15.1205
1
1
1
1
1
1
1
1
1
1
1
1
1
1
1
1
1
1
1
1
1
1
1
1
1
1
1
1
1
1
1
1
1
1
1
1
1
1
1
1
1
1
1
1
1
1
1
1
1
1
1
1
1
1
1
1
