2
7
3
4
5
1
0
6
10
15
11
12
13
9
8
14
28
25
24
23
16
29
30
31
19
26
22
21
27
17
18
20
34
39
35
36
37
33
32
38
52
49
48
47
40
53
54
55
43
50
46
45
51
41
42
44
14.8278
26.3111
33.287
42.4185
22.3024
16.2658
27.7499
33.5035
22.7974
40.9564
15.3366
27.4848
35.847
22.8381
37.4652
19.3117
23.3631
33.5861
23.7819
39.7048
18.4758
26.2107
22.9408
31.5942
41.4968
20.013
23.4828
22.7859
32.6514
43.1829
16.3464
23.8889
24.8869
35.4196
22.6903
36.0505
28.1931
19.8964
33.8796
22.8084
38.1475
23.9873
22.857
33.8445
21.7639
36.1386
27.5962
21.6975
34.441
21.6714
19.1059
40.3709
20.1927
35.1948
19.9387
20.9702
1
1
1
1
1
1
1
1
1
1
1
1
1
1
1
1
1
1
1
1
1
1
1
1
1
1
1
1
1
1
1
1
1
1
1
1
1
1
1
1
1
1
1
1
1
1
1
1
1
1
1
1
1
1
1
1
