2
5
6
4
3
0
1
7
10
13
14
12
11
8
9
15
26
23
19
22
16
18
31
28
24
30
27
29
21
25
20
17
34
37
38
36
35
32
33
39
50
47
43
46
40
42
55
52
48
54
51
53
45
49
44
41
15.4117
19.9683
37.6947
23.39
23.4081
41.3202
18.3316
26.7448
32.1268
22.2348
43.1596
18.0634
25.5743
30.317
22.2538
45.3823
15.4595
24.6739
27.2296
31.3738
24.0454
35.849
26.0424
23.8723
36.0576
22.5268
37.2622
27.5721
19.6728
34.0606
23.7791
37.7801
26.4221
22.8618
31.1498
23.8
39.3753
25.3882
21.754
35.6566
22.9601
22.7918
44.4325
20.73
33.2369
21.2361
23.5338
41.1101
25.0978
16.1295
39.0873
21.6418
41.1116
22.9645
17.0386
38.1084
1
1
1
1
1
1
1
1
1
1
1
1
1
1
1
1
1
1
1
1
1
1
1
1
1
1
1
1
1
1
1
1
1
1
1
1
1
1
1
1
1
1
1
1
1
1
1
1
1
1
1
1
1
1
1
1
