4
0
2
5
3
7
1
6
12
8
10
13
11
15
9
14
30
24
20
29
27
19
31
21
23
18
28
22
25
16
17
26
36
32
34
37
35
39
33
38
54
48
44
53
51
43
55
45
47
42
52
46
49
40
41
50
33.1512
23.1893
24.2437
38.0828
23.0708
38.7528
23.6954
24.2868
36.6254
23.0507
23.2679
39.2134
22.1728
37.3239
36.9173
7.3011
39.9921
23.8522
37.8094
21.9903
22.9057
39.2901
24.4081
36.6937
19.8625
19.074
27.7294
35.7673
21.7742
20.1912
35.9198
22.4355
37.1915
22.9116
21.0793
37.8331
24.1726
39.3201
22.1716
21.7841
39.7353
22.449
23.7712
39.2755
22.4988
38.9168
22.5746
23.712
37.5115
22.7883
23.7574
39.0155
23.8171
37.8955
22.7042
30.767
1
1
1
1
1
1
1
1
1
1
1
1
1
1
1
1
1
1
1
1
1
1
1
1
1
1
1
1
1
1
1
1
1
1
1
1
1
1
1
1
1
1
1
1
1
1
1
1
1
1
1
1
1
1
1
1
