0
7
4
5
3
6
2
1
8
15
12
13
11
14
10
9
26
24
22
28
30
23
31
27
21
20
29
18
25
17
19
16
32
39
36
37
35
38
34
33
50
48
46
52
54
47
55
51
45
44
53
42
49
41
43
40
17.9769
39.0602
21.472
22.8413
40.4769
23.0364
38.8725
23.3718
23.3003
37.3345
23.9897
23.0597
37.3555
24.5705
37.5826
22.4577
23.584
40.8304
22.1428
23.7013
37.2314
28.175
22.1511
38.2811
23.6069
23.0645
38.3028
22.9333
40.4476
21.4586
23.0834
37.4538
23.132
23.2521
39.2723
22.2985
38.4676
21.8185
24.2094
38.9385
22.5987
38.797
22.0922
22.7595
39.6883
20.99
22.4928
39.9893
22.8626
37.5735
22.2748
22.5371
39.2826
22.1795
23.4595
39.0527
1
1
1
1
1
1
1
1
1
1
1
1
1
1
1
1
1
1
1
1
1
1
1
1
1
1
1
1
1
1
1
1
1
1
1
1
1
1
1
1
1
1
1
1
1
1
1
1
1
1
1
1
1
1
1
1
