7
3
6
1
4
5
2
0
15
11
14
9
12
13
10
8
30
20
24
16
19
31
25
26
18
27
23
21
29
28
22
17
39
35
38
33
36
37
34
32
54
44
48
40
43
55
49
50
42
51
47
45
53
52
46
41
1584.643
514.6425
41.9252
24.4535
23.8518
38.5932
23.1245
41.4278
24.6072
20.5997
39.1731
24.668
32.8612
23.5472
38.3913
26.579
24.175
39.9834
23.7835
25.2713
38.5889
24.6266
20.7763
39.0511
25.1674
39.3486
23.2616
24.9746
41.1402
22.5991
24.4559
38.4221
24.9466
39.5105
25.3685
23.4224
39.6468
23.5706
39.3
24.5819
20.177
40.3054
24.9647
23.5125
40.5053
21.1058
37.4688
25.4187
22.8511
39.5899
22.0784
23.2774
37.8564
22.6366
40.7044
23.8084
1
1
1
1
1
1
1
1
1
1
1
1
1
1
1
1
1
1
1
1
1
1
1
1
1
1
1
1
1
1
1
1
1
1
1
1
1
1
1
1
1
1
1
1
1
1
1
1
1
1
1
1
1
1
1
1
