0
4
2
1
6
3
5
7
8
12
10
9
14
11
13
15
19
27
30
16
22
17
18
28
25
26
29
23
31
24
21
20
32
36
34
33
38
35
37
39
43
51
54
40
46
41
42
52
49
50
53
47
55
48
45
44
18.8444
38.9804
21.9437
24.6487
38.9274
24.2674
34.5256
24.6724
23.7803
39.409
25.6446
37.3452
24.6601
24.7818
39.7377
22.6106
23.5804
39.0029
24.0553
41.1129
24.625
21.5
33.1046
24.3947
24.252
41.1982
23.345
38.9958
23.5883
22.9515
36.2868
23.8748
24.8158
36.1979
24.0826
39.6765
24.6526
24.128
38.3716
24.0865
40.5251
24.0964
24.1256
38.7097
22.9021
24.7004
41.0971
23.0254
40.3394
20.3551
21.6533
38.2566
22.2716
22.3415
37.8706
22.3909
1
1
1
1
1
1
1
1
1
1
1
1
1
1
1
1
1
1
1
1
1
1
1
1
1
1
1
1
1
1
1
1
1
1
1
1
1
1
1
1
1
1
1
1
1
1
1
1
1
1
1
1
1
1
1
1
