3
5
0
2
7
4
1
6
11
13
8
10
15
12
9
14
25
27
23
30
22
31
20
29
24
16
21
28
19
18
26
17
35
37
32
34
39
36
33
38
49
51
47
54
46
55
44
53
48
40
45
52
43
42
50
41
18.1242
40.0186
22.9863
23.138
38.3364
24.8395
38.244
25.1022
22.6595
34.2179
23.9261
24.1758
41.1903
21.3408
37.5901
23.5054
23.6907
39.6788
23.7847
24.3326
37.1492
22.3747
39.0159
23.5935
23.7017
38.8136
23.691
39.983
21.888
24.0099
36.5298
22.9325
37.7067
23.4279
23.9933
37.9623
22.5063
22.5319
37.9852
23.4271
38.4075
23.746
21.2788
38.7149
22.4837
23.6978
37.9777
22.4035
37.9706
24.7008
22.8756
40.655
24.6262
36.1501
23.6069
22.8749
1
1
1
1
1
1
1
1
1
1
1
1
1
1
1
1
1
1
1
1
1
1
1
1
1
1
1
1
1
1
1
1
1
1
1
1
1
1
1
1
1
1
1
1
1
1
1
1
1
1
1
1
1
1
1
1
