5
2
4
0
7
6
1
3
13
10
12
8
15
14
9
11
16
22
20
29
21
18
27
24
30
25
17
19
31
26
28
23
37
34
36
32
39
38
33
35
40
46
44
53
45
42
51
48
54
49
41
43
55
50
52
47
32.2548
23.3169
23.4524
38.9444
22.283
22.9953
38.5039
23.8819
38.6355
23.7321
22.3617
40.5871
24.0154
35.1688
24.8845
22.2443
39.1502
24.9845
23.5844
39.0124
22.1381
39.7282
21.3855
23.7108
37.5313
32.4196
22.1748
23.2837
39.1178
24.2722
22.9851
39.4698
24.045
39.4833
24.0363
23.0025
41.89
26.1468
12.7024
24.4156
37.3582
24.3137
39.6377
24.2406
22.7875
38.1085
23.4761
23.4145
32.1647
39.3122
21.73
24.147
40.019
24.5867
35.4023
23.5895
1
1
1
1
1
1
1
1
1
1
1
1
1
1
1
1
1
1
1
1
1
1
1
1
1
1
1
1
1
1
1
1
1
1
1
1
1
1
1
1
1
1
1
1
1
1
1
1
1
1
1
1
1
1
1
1
