1
5
0
7
2
6
4
3
9
13
8
15
10
14
12
11
24
31
28
18
17
16
30
21
27
20
19
29
22
26
25
23
33
37
32
39
34
38
36
35
48
55
52
42
41
40
54
45
51
44
43
53
46
50
49
47
1454.411
215.5375
211.3475
205.7407
216.8846
221.4563
230.0469
210.8038
181.1182
206.3274
194.2717
180.7606
228.8649
209.3536
196.3782
200.4331
175.6177
161.0226
164.6808
163.3756
323.2316
191.7741
148.0266
148.1068
136.1661
125.132
168.4256
157.0988
177.1549
166.9682
137.8036
163.3752
180.5801
181.7273
166.1647
178.5732
181.0948
159.6083
201.1075
189.0202
193.6926
196.3616
210.3551
227.3277
152.4233
160.3616
199.7631
222.3333
147.9259
231.7626
191.7204
211.3589
211.1472
231.0665
205.3164
196.0396
1
1
1
1
1
1
1
1
1
1
1
1
1
1
1
1
1
1
1
1
2
2
2
2
2
2
2
2
2
2
2
2
2
2
2
2
2
2
2
2
2
2
2
2
2
2
2
2
2
2
2
2
2
2
2
2
