4
7
0
3
5
1
6
2
12
15
8
11
13
9
14
10
16
23
20
18
21
19
24
17
31
29
27
22
28
25
30
26
36
39
32
35
37
33
38
34
40
47
44
42
45
43
48
41
55
53
51
46
52
49
54
50
27.6811
21.5521
44.3065
19.9296
16.1382
28.57
30.4359
41.2669
21.0915
19.2987
26.3458
31.5002
19.5622
40.3452
18.8772
26.1475
33.1926
22.0906
39.9434
18.744
29.0721
31.0344
21.9413
43.508
15.0052
27.1813
20.9303
32.854
366.825
503.3692
39.0845
23.5385
38.693
27.1727
21.242
31.5144
21.8753
36.2298
28.3555
17.5972
35.5847
22.2071
21.6078
39.5349
22.0669
31.2205
25.2353
19.8455
41.338
21.8812
18.6528
26.8602
30.7476
42.9309
22.5192
17.2614
1
1
1
1
1
1
1
1
1
1
1
1
1
1
1
1
1
1
1
1
1
1
1
1
1
1
1
1
2
2
2
2
2
2
2
2
2
2
2
2
2
2
2
2
2
2
2
2
2
2
2
2
2
2
2
2
