6
5
7
4
2
0
1
3
14
13
15
12
10
8
9
11
18
30
26
16
17
27
28
31
20
25
19
23
29
24
22
21
38
37
39
36
34
32
33
35
42
54
50
40
41
51
52
55
44
49
43
47
53
48
46
45
17.368
14.0088
25.6181
32.3412
22.7744
40.9591
15.6831
26.0049
31.7941
19.1102
43.7846
13.4344
26.7164
22.0009
28.8967
37.0176
21.0097
22.2024
25.1274
334.1795
515.0188
23.591
34.8843
20.5977
23.5883
35.4994
25.0686
21.2416
30.2822
21.8295
35.6278
31.1019
16.4045
32.9797
22.3794
36.8086
25.9136
20.7999
31.3899
18.0649
37.1294
26.6784
23.098
29.6758
21.5999
37.2637
20.681
29.3242
29.2353
21.0496
19.8925
38.1755
24.4321
17.1101
36.3736
21.3815
2
2
2
2
2
2
2
2
2
2
2
2
2
2
2
2
2
2
2
1
1
1
1
1
1
1
1
1
1
1
1
1
1
1
1
1
1
1
1
1
1
1
1
1
1
1
1
1
1
1
1
1
1
1
1
1
