1
0
5
3
2
7
6
4
9
8
13
11
10
15
14
12
22
26
24
19
31
18
17
21
27
23
28
29
25
20
30
16
33
32
37
35
34
39
38
36
46
50
48
43
55
42
41
45
51
47
52
53
49
44
54
40
19.2774
31.3587
40.7406
24.3942
15.463
24.9572
34.6717
21.0547
43.4239
15.4626
38.2952
22.4292
21.2491
41.1464
17.6473
26.9099
31.3951
23.2576
39.1857
20.5214
28.3282
16.9552
30.5224
23.0403
38.3786
26.6105
19.8605
33.5853
22.4481
37.3605
26.4943
22.4485
28.3693
21.9926
38.3809
25.2357
20.4776
32.022
19.7747
38.2221
21.7994
26.5892
30.9214
20.8078
22.891
41.1641
23.6475
33.1472
21.1349
21.1029
39.4757
23.0016
18.7855
26.5011
29.7907
39.7392
2
2
2
2
2
2
2
2
2
2
2
2
2
2
2
2
2
2
2
2
2
2
2
2
2
2
2
2
2
2
2
2
2
2
2
2
2
2
2
2
2
2
2
2
2
2
2
2
2
2
2
2
2
2
2
2
