3
1
2
6
0
7
4
5
11
9
10
14
8
15
12
13
22
26
17
18
31
23
29
19
30
24
27
20
16
21
25
28
35
33
34
38
32
39
36
37
46
50
41
42
55
47
53
43
54
48
51
44
40
45
49
52
195.5371
190.9607
200.4264
179.6169
159.2582
198.0347
179.1215
194.0114
145.9439
168.4675
179.5312
155.8793
163.2191
164.2763
179.165
232.2956
204.8937
182.1635
204.6196
216.9166
212.7294
202.7786
194.8722
211.7212
198.7802
190.9252
196.3347
212.0807
181.1217
178.457
180.1483
158.8327
179.6438
137.6452
188.8791
169.887
179.6754
158.3401
133.5125
177.9837
121.1641
112.2365
507.3202
44.0998
16.8967
28.0228
33.1306
22.2348
44.6292
13.6031
27.4148
31.9908
22.5469
41.8207
18.1582
22.8471
2
2
2
2
2
2
2
2
2
2
2
2
2
2
1
1
1
1
1
1
1
1
1
1
1
1
1
1
1
1
1
1
1
1
1
2
2
2
2
2
2
2
2
2
2
2
2
2
2
2
2
2
2
2
2
2
