4
1
2
5
7
3
6
0
12
9
10
13
15
11
14
8
21
20
18
25
23
26
29
31
28
27
19
16
17
22
30
24
36
33
34
37
39
35
38
32
45
44
42
49
47
50
53
55
52
51
43
40
41
46
54
48
22.9609
32.6735
41.3475
18.8313
29.0792
19.93
31.0162
24.0307
35.0178
27.7431
23.388
30.4663
22.6472
39.4547
24.1007
26.2952
31.8245
20.7995
39.8818
26.3565
21.6904
34.0973
22.7452
22.1277
41.1918
22.0594
143.0627
521.2426
27.1134
31.8004
22.8416
21.7931
39.8541
23.8913
22.8768
32.3199
24.4278
36.8679
25.8409
20.3049
35.1888
21.0445
37.4284
26.6176
19.6483
35.7068
21.8061
22.537
42.2292
14.8017
39.1466
21.7331
21.6675
42.644
21.9835
17.8247
2
2
2
2
2
2
2
2
2
2
2
2
2
2
2
2
2
2
2
2
2
2
2
2
2
2
1
1
1
1
1
1
1
1
1
1
1
1
1
1
1
1
1
1
1
1
1
1
1
1
1
1
1
1
1
1
