4
7
2
3
0
6
1
5
12
15
10
11
8
14
9
13
28
19
30
18
24
29
31
21
17
16
25
27
26
23
20
22
36
39
34
35
32
38
33
37
52
43
54
42
48
53
55
45
41
40
49
51
50
47
44
46
289.3088
285.7501
268.173
270.8535
271.7605
203.5192
160.9714
518.2633
19.7799
32.3922
14.8539
37.1851
16.734
18.0543
34.2597
18.2822
16.9114
37.4723
19.6321
33.5486
18.0693
175.6021
190.588
217.5115
517.4467
22.4774
17.8836
31.2853
20.4796
33.8366
17.4147
20.5503
33.7418
18.1625
17.9492
29.63
20.9896
33.5371
20.9509
17.9974
35.0222
18.4545
33.1227
16.905
22.027
32.9876
18.7294
18.144
36.2236
15.4492
36.1414
11.9909
20.4227
32.5281
19.6645
18.5161
1
1
1
1
1
1
2
2
2
2
2
2
2
2
2
2
2
2
2
2
2
1
1
1
1
1
1
1
1
1
1
1
1
1
1
1
1
1
1
1
1
1
1
1
1
1
1
1
1
1
1
1
1
1
1
1
