0
1
2
3
6
5
4
7
8
9
10
11
14
13
12
15
31
29
16
22
26
17
20
24
25
28
21
27
23
30
19
18
32
33
34
35
38
37
36
39
55
53
40
46
50
41
44
48
49
52
45
51
47
54
43
42
25.2555
17.502
35.768
18.7263
17.6161
33.3246
15.9336
21.6446
32.03
22.5011
32.1189
18.7753
14.9921
33.1448
18.4023
18.9246
31.3489
21.1271
30.208
20.3022
15.2655
35.0036
16.8177
36.5285
20.2196
14.4312
30.9625
21.2985
17.9717
33.7264
15.322
28.3061
18.857
19.3453
32.5858
17.3321
17.7422
33.2025
13.3159
35.2371
20.2721
14.4762
29.1361
20.3429
16.9457
31.7278
18.5189
32.9548
18.0077
14.6121
36.6637
18.2178
32.5297
17.9982
15.5824
35.115
1
1
1
1
1
1
1
1
1
1
1
1
1
1
1
1
1
1
1
1
1
1
1
1
1
1
1
1
1
1
1
1
1
1
1
1
1
1
1
1
1
1
1
1
1
1
1
1
1
1
1
1
1
1
1
1
