5
4
0
6
3
2
1
7
13
12
8
14
11
10
9
15
30
22
29
31
16
24
26
23
19
21
25
18
17
27
20
28
37
36
32
38
35
34
33
39
54
46
53
55
40
48
50
47
43
45
49
42
41
51
44
52
184.1062
159.6713
174.3166
192.0355
184.4227
176.8375
174.3008
174.5734
161.9587
173.5071
197.8923
194.0361
203.755
239.1201
191.1616
221.7959
268.7304
271.072
268.0521
271.8968
268.7209
205.7955
254.8831
236.8821
239.2758
224.5214
155.8099
223.3797
361.4396
190.0602
161.3416
191.0577
208.6652
193.0109
206.4233
188.7668
205.3329
209.0208
205.2839
238.9025
221.3475
204.8679
218.6607
222.5619
204.5234
208.1445
219.8261
216.2864
205.0473
314.142
285.434
281.0149
239.5397
252.9758
253.2938
255.9162
2
2
2
2
2
2
2
2
2
2
2
2
2
2
2
1
1
1
1
1
1
1
1
1
1
1
2
2
2
2
2
2
2
2
2
2
2
2
2
2
2
2
2
2
2
2
2
2
2
2
1
1
1
1
1
1
