3
1
6
5
0
2
4
7
11
9
14
13
8
10
12
15
29
23
17
20
26
31
18
19
22
21
16
24
27
30
28
25
35
33
38
37
32
34
36
39
53
47
41
44
50
55
42
43
46
45
40
48
51
54
52
49
201.0421
189.9741
394.2799
332.4389
285.1492
301.8275
227.2517
266.3237
223.4311
255.0589
284.9959
380.7845
160.3444
175.6215
223.6017
298.5505
288.9813
285.5932
270.2909
330.4043
222.6524
305.1448
252.9197
271.7222
325.3096
285.9705
224.1963
270.5197
241.8718
238.9906
222.1293
330.4059
269.7848
236.0628
187.0352
145.7165
222.7863
113.1583
255.4599
174.2964
175.8056
206.8578
191.1154
176.0521
177.897
284.4298
221.0911
255.5583
252.5862
252.4369
300.7237
253.677
256.9718
171.6578
222.494
206.0001
2
2
2
2
1
1
2
2
2
1
2
1
2
1
2
1
2
1
2
1
2
2
2
1
1
1
2
2
2
2
1
1
1
2
1
2
1
2
2
2
2
2
2
2
1
1
1
1
1
1
1
1
1
2
2
2
