4
5
6
2
3
7
1
0
12
13
14
10
11
15
9
8
18
19
28
21
23
24
20
29
30
16
25
26
22
27
31
17
36
37
38
34
35
39
33
32
42
43
52
45
47
48
44
53
54
40
49
50
46
51
55
41
264.8564
239.3291
252.5981
240.6423
256.5546
252.9133
287.1221
255.5721
222.0606
256.8837
206.5434
207.849
228.6747
206.4616
206.7745
191.3738
208.6739
192.009
223.0569
221.2918
211.7902
220.6984
194.8867
208.713
253.3337
194.0989
207.2288
224.3247
503.3505
35.789
20.7834
19.2983
35.5464
21.7627
34.5939
19.9881
21.1674
38.1787
21.0698
18.5722
33.0022
23.0459
34.9775
21.611
127.7159
239.7787
207.8368
208.2563
236.0647
209.1745
205.3297
205.9725
207.1332
193.6647
176.9283
189.6
1
1
1
1
1
1
1
1
2
2
2
2
2
2
2
2
2
2
2
2
1
1
1
1
1
1
1
2
2
2
2
2
2
2
2
2
2
2
2
2
2
2
2
2
1
1
1
1
1
1
1
1
2
2
2
2
