4
2
3
0
7
5
1
6
12
10
11
8
15
13
9
14
29
24
21
20
25
26
22
17
23
18
27
16
30
31
19
28
36
34
35
32
39
37
33
38
53
48
45
44
49
50
46
41
47
42
51
40
54
55
43
52
1816.628
1347.262
643.1968
928.4286
690.1989
787.0569
1039.217
553.5873
474.2565
426.4059
378.5979
398.2471
427.7902
376.6273
490.0306
408.3014
614.0665
460.3188
473.357
348.2429
3616.293
175.9257
127.7969
126.8641
176.8402
145.1334
115.1095
131.7179
271.0095
116.015
131.0806
150.1807
127.6776
129.7829
146.752
128.9663
145.63
145.005
148.0489
115.5646
206.7642
331.4658
191.1802
196.0485
208.1422
194.364
207.2118
189.0887
301.5814
220.8343
209.2511
192.3808
178.2538
176.2777
142.586
162.6658
1
2
1
1
2
2
1
1
1
1
2
2
2
2
1
1
1
2
2
2
1
1
1
2
2
2
2
2
2
2
2
2
2
2
2
2
2
2
2
1
1
1
1
1
1
1
1
1
2
2
2
2
2
2
2
2
