5
0
3
2
7
1
6
4
13
8
11
10
15
9
14
12
28
21
24
16
17
27
29
25
30
19
31
23
22
20
18
26
37
32
35
34
39
33
38
36
52
45
48
40
41
51
53
49
54
43
55
47
46
44
42
50
236.5928
117.4136
224.2357
164.3845
274.8945
130.6798
257.7642
119.3415
251.8434
84.9395
241.8855
128.5749
224.0291
68.9731
272.7161
39.7242
255.5617
54.3471
241.6366
99.6054
191.0303
100.866
209.2442
114.387
273.336
100.552
209.106
195.216
210.4429
164.3118
162.8876
159.498
188.1625
178.9837
255.875
226.7475
131.3913
235.1686
100.5907
239.1106
71.0428
318.6694
85.1149
272.8354
84.7677
451.4999
241.7472
225.9672
255.3832
101.0671
177.2766
304.1042
241.9669
256.9689
36.4468
284.8528
1
2
1
2
1
2
1
2
1
2
1
2
1
2
1
2
1
2
1
2
1
2
1
2
1
2
1
2
1
2
1
2
1
2
2
1
2
1
2
1
2
1
2
1
2
2
2
2
2
1
2
2
2
1
2
1
