1
5
2
6
0
4
7
3
9
13
10
14
8
12
15
11
17
23
26
19
21
22
28
27
25
31
29
30
24
18
16
20
33
37
34
38
32
36
39
35
41
47
50
43
45
46
52
51
49
55
53
54
48
42
40
44
50.0026
273.0187
303.4255
271.4049
147.0212
157.4895
148.3916
178.4349
113.7391
195.5012
290.7685
397.3065
70.4684
190.7273
147.9914
86.9958
226.4342
26.4415
238.1217
71.8697
194.0873
194.866
68.0573
240.5028
69.4961
211.7189
98.3151
162.9449
114.7809
164.074
133.6779
194.5294
132.0997
202.397
132.7618
148.2668
162.6874
178.6862
101.5542
179.329
86.0516
232.8338
70.5912
210.7889
100.5125
238.8866
54.8828
242.051
131.1495
163.8729
84.9608
257.2569
7.2399
283.2098
39.0594
223.2176
2
1
2
1
2
1
2
1
2
1
2
2
1
2
1
2
1
2
2
1
2
1
2
1
2
1
2
1
2
1
2
1
2
1
2
1
2
1
2
1
2
1
2
1
2
1
2
1
2
1
2
1
2
2
1
2
