3
0
6
1
7
5
4
2
11
8
14
9
15
13
12
10
17
16
24
27
20
18
19
30
22
26
23
21
31
28
25
29
35
32
38
33
39
37
36
34
41
40
48
51
44
42
43
54
46
50
47
45
55
52
49
53
15.1589
224.9294
1638.668
160.7914
100.3833
194.4899
225.6816
252.4447
271.8936
428.9458
131.6382
223.0643
38.4276
237.8831
101.0786
194.8189
100.4888
174.96
101.3986
177.9427
66.8958
226.194
84.7937
187.4064
83.0073
178.2097
96.2474
194.2145
69.3666
210.4934
69.3689
209.4805
100.7207
178.6423
70.6406
208.0097
100.7815
329.9176
163.4759
210.4926
68.943
256.1788
147.8591
147.3005
227.1813
67.9759
257.2566
70.2922
207.2701
97.672
241.2016
50.1029
238.8704
161.1703
240.6434
20.3875
2
1
2
1
2
1
2
2
2
1
2
1
2
1
2
1
2
1
2
1
2
1
2
1
2
1
2
1
2
1
2
1
2
1
2
1
2
1
2
1
2
2
1
2
1
2
1
2
1
2
1
2
1
2
1
2
