0
6
4
1
2
5
7
3
8
14
12
9
10
13
15
11
19
31
26
18
21
27
25
30
24
20
29
23
16
28
22
17
32
38
36
33
34
37
39
35
43
55
50
42
45
51
49
54
48
44
53
47
40
52
46
41
263.8865
146.8576
120.1372
236.767
64.4729
207.4613
83.5157
241.5888
68.9908
240.4079
114.1449
193.469
98.5664
224.6947
116.5393
178.3603
153.9383
333.4147
440.1044
522.7526
22.639
22.4754
38.1274
20.8912
21.3993
37.2452
22.3166
37.4293
20.7786
20.4906
37.5854
21.6849
35.4027
22.2475
20.2236
36.9497
23.6421
36.5788
21.3183
20.41
37.331
22.5193
21.0718
36.6372
20.0596
33.8655
19.5433
20.5965
31.8886
21.7781
32.465
21.8607
23.2486
36.2536
21.6316
37.2508
2
1
2
1
2
1
2
1
2
1
2
1
2
1
2
1
2
2
2
2
2
2
2
2
2
2
2
2
2
2
2
2
2
2
2
2
2
2
2
2
2
2
2
2
2
2
2
2
2
2
2
2
2
2
2
2
