5
4
2
1
6
3
7
0
13
12
10
9
14
11
15
8
31
28
27
18
23
22
26
21
25
19
29
20
30
24
16
17
37
36
34
33
38
35
39
32
55
52
51
42
47
46
50
45
49
43
53
44
54
48
40
41
2597.459
537.7246
1232.733
785.243
691.038
796.7942
756.0005
820.968
2441.992
2945.502
741.4037
890.0984
788.8218
741.0339
1041.679
865.676
4052.665
1036.322
1070.701
730.3696
1195.777
815.8121
973.658
1829.915
894.5199
759.4146
1981.143
742.611
1083.324
761.457
797.7364
857.1166
3429.838
743.3403
671.3434
535.4396
414.9275
476.6871
476.5931
424.2015
1995.467
428.5982
397.4957
413.7913
118.9374
318.7191
223.0596
148.3786
242.9249
84.9012
209.5923
83.6137
223.2081
383.2664
256.0927
273.8586
2
2
1
1
2
1
2
1
2
2
1
1
2
1
2
1
2
2
2
1
1
1
2
1
2
1
2
1
2
2
1
1
2
2
2
2
2
2
2
2
2
1
2
1
2
2
1
2
1
2
1
2
1
2
2
1
