3
5
4
7
6
1
2
0
11
13
12
15
14
9
10
8
28
31
19
16
30
26
24
29
17
22
18
27
20
23
21
25
35
37
36
39
38
33
34
32
52
55
43
40
54
50
48
53
41
46
42
51
44
47
45
49
110.5577
174.911
209.9617
38.7224
226.7743
114.9338
85.8039
241.5224
21.2128
196.2775
147.5059
130.9113
255.811
53.6873
269.3996
6.0578
193.3189
128.9269
131.7338
195.3519
70.4553
162.1307
116.7586
163.8382
192.7291
255.8493
241.4588
228.9361
179.5774
132.757
210.0099
83.9262
173.567
133.6677
226.0565
100.6804
224.6315
157.0312
209.5686
98.4084
288.5419
193.3232
53.9283
255.8264
175.7402
37.3555
240.6458
178.8201
59.9945
254.6503
38.5829
273.6007
7.0431
257.3285
189.4844
166.6791
1
2
1
2
2
1
2
2
1
2
1
2
1
2
1
2
2
1
2
1
2
2
1
2
1
2
2
2
1
2
1
2
1
2
1
2
1
2
1
2
2
1
2
2
1
2
2
1
2
1
2
1
2
2
1
2
