5
4
1
6
7
2
0
3
13
12
9
14
15
10
8
11
18
22
28
27
16
24
26
25
17
21
29
30
31
23
19
20
37
36
33
38
39
34
32
35
42
46
52
51
40
48
50
49
41
45
53
54
55
47
43
44
13.4451
27.2414
19.6665
30.3091
41.4542
13.9278
21.9594
36.2619
19.6389
41.8702
13.101
21.7987
35.2995
21.0449
22.1522
33.4538
24.7636
16.4768
31.9956
21.3641
36.4349
25.7955
19.791
30.616
19.3023
36.3413
20.3954
23.7514
32.7928
19.1608
22.6496
40.0947
17.47
29.3807
20.6648
18.49
35.5887
25.5241
26.3442
17.7797
16.905
38.7831
17.404
13.1543
36.4381
17.6497
34.0811
22.1491
16.9584
25.4399
29.1839
20.2789
34.1554
20.8213
23.5583
30.8669
1
1
1
1
1
1
1
1
1
1
1
1
1
1
1
1
1
1
1
1
1
1
1
1
1
1
1
1
1
1
1
1
1
1
1
1
1
1
1
1
1
1
1
1
1
1
1
1
1
1
1
1
1
1
1
1
