5
0
4
2
3
7
1
6
13
8
12
10
11
15
9
14
17
29
28
26
30
23
20
24
16
19
18
25
21
31
22
27
37
32
36
34
35
39
33
38
41
53
52
50
54
47
44
48
40
43
42
49
45
55
46
51
18.8681
31.6961
22.1238
42.0416
14.1238
27.3445
32.6467
21.4427
36.8197
22.4418
27.0048
31.7123
19.8083
25.7358
32.1149
23.4615
39.5879
18.2605
42.1846
15.4698
25.5367
21.7639
30.648
22.1467
38.7428
25.5099
17.4968
35.9351
21.7592
37.0137
24.5744
23.4496
30.5868
22.104
39.7483
24.4495
398.2161
518.8252
22.3486
33.8666
21.1385
36.6802
27.4555
16.6617
36.9848
21.865
21.9109
38.3099
25.436
30.0404
23.8893
18.7436
38.4576
25.3317
18.5651
35.2059
1
1
1
1
1
1
1
1
1
1
1
1
1
1
1
1
1
1
1
1
1
1
1
1
1
1
1
1
1
1
1
1
1
1
1
1
2
2
2
2
2
2
2
2
2
2
2
2
2
2
2
2
2
2
2
2
