4
6
1
5
0
3
2
7
12
14
9
13
8
11
10
15
20
27
23
26
18
22
19
16
28
24
30
29
17
25
21
31
36
38
33
37
32
35
34
39
44
51
47
50
42
46
43
40
52
48
54
53
41
49
45
55
1140.493
506.9639
44.7999
16.7063
22.5489
41.3534
23.6602
42.665
16.4238
28.3725
20.9793
33.1053
24.9548
37.547
26.2214
25.6703
32.0635
24.6885
38.3423
27.3773
23.8048
34.9633
21.5292
38.3308
27.2568
20.8205
37.0417
24.5704
36.572
25.434
22.6552
209.193
524.2459
20.8896
21.5004
38.4035
24.7889
36.0904
24.0829
26.8791
30.8535
24.4886
43.4184
19.0095
25.8713
22.552
33.0986
23.6874
38.8772
21.9737
28.0402
34.157
23.3876
37.978
21.6165
27.7495
1
1
1
1
1
1
1
1
1
1
1
1
1
1
1
1
1
1
1
1
1
1
1
1
1
1
1
1
1
1
1
2
2
2
2
2
2
2
2
2
2
2
2
2
2
2
2
2
2
2
2
2
2
2
2
2
