6
7
0
3
1
2
5
4
14
15
8
11
9
10
13
12
18
31
20
21
19
25
23
16
26
22
27
28
17
24
29
30
38
39
32
35
33
34
37
36
42
55
44
45
43
49
47
40
50
46
51
52
41
48
53
54
17.7121
42.0349
21.4802
17.4976
36.5775
20.6842
42.6946
19.3252
14.7713
37.7007
21.1555
21.0536
43.0948
14.5489
27.226
30.9692
19.6187
42.8191
16.922
25.2298
21.0982
30.4229
42.2719
16.5329
25.5553
20.3551
31.6468
39.8131
14.1487
21.4534
32.7008
20.4432
18.1597
36.9485
24.3298
17.9282
32.8979
23.307
37.3175
25.6568
18.8973
30.3747
21.8326
36.5728
25.4139
18.729
32.8797
21.0366
35.3627
28.5902
15.5804
33.7339
21.6059
20.6174
40.3488
20.1078
2
2
2
2
2
2
2
2
2
2
2
2
2
2
2
2
2
2
2
2
2
2
2
2
2
2
2
2
2
2
2
2
2
2
2
2
2
2
2
2
2
2
2
2
2
2
2
2
2
2
2
2
2
2
2
2
