0
5
7
3
6
4
2
1
8
13
15
11
14
12
10
9
19
24
17
29
30
31
23
28
18
27
16
25
26
20
21
22
32
37
39
35
38
36
34
33
43
48
41
53
54
55
47
52
42
51
40
49
50
44
45
46
28.1868
21.3586
35.2572
25.2057
24.0501
30.9827
23.0956
22.5971
41.2167
23.2853
34.302
21.1974
22.0748
40.3993
26.6927
30.9364
23.6728
24.2014
36.9461
29.3475
17.0824
36.2484
23.5903
36.6759
26.3359
15.1656
38.1317
23.5452
41.3214
23.9276
15.1083
28.766
30.7022
23.0064
41.8133
18.0997
22.0167
32.056
20.6158
114.8736
523.2021
23.979
20.2488
42.1115
21.9966
32.5866
12.8442
30.5224
38.763
25.4676
15.9221
27.8111
32.6226
22.605
41.3459
15.627
2
2
2
2
2
2
2
2
2
2
2
2
2
2
2
2
2
2
2
2
2
2
2
2
2
2
2
2
2
2
2
2
2
2
2
2
2
2
2
1
1
1
1
1
1
1
1
1
1
1
1
1
1
1
1
1
