5
1
2
4
6
7
3
0
13
9
10
12
14
15
11
8
22
17
28
24
25
31
23
30
26
27
21
29
18
20
16
19
37
33
34
36
38
39
35
32
46
41
52
48
49
55
47
54
50
51
45
53
42
44
40
43
23.6709
23.5512
19.117
37.7868
24.3109
18.0227
24.7498
28.3342
41.3909
20.728
251.1923
519.1425
22.8823
37.5999
24.0967
14.6326
36.1149
19.8953
36.7991
25.2871
21.3052
28.6885
21.1318
21.9563
37.2072
24.3045
29.2389
22.3502
20.9757
38.6994
22.4035
31.384
20.6953
20.0039
37.4885
21.434
20.2342
33.5506
23.5575
41.229
19.6416
13.1911
35.1039
21.1492
38.1637
22.8191
15.4307
26.8871
28.3934
21.5427
40.6435
14.5675
25.1322
30.7377
19.0806
37.5596
2
2
2
2
2
2
2
2
2
2
1
1
1
1
1
1
1
1
1
1
1
1
1
1
1
1
1
1
1
1
1
1
1
1
1
1
1
1
1
1
1
1
1
1
1
1
1
1
1
1
1
1
1
1
1
1
