3
4
0
5
1
7
2
6
11
12
8
13
9
15
10
14
17
27
18
25
23
29
24
26
19
22
28
20
16
30
21
31
35
36
32
37
33
39
34
38
41
51
42
49
47
53
48
50
43
46
52
44
40
54
45
55
31.6452
21.615
21.7529
38.2898
18.5126
38.4285
24.3951
21.6616
36.4962
22.1009
39.5121
21.1575
20.8806
35.4639
21.6063
19.7507
36.7242
23.0384
37.5739
22.0436
21.7533
38.7631
23.39
36.1529
20.3528
23.1285
40.5243
22.7216
22.0914
38.5644
20.7834
41.0165
21.2662
23.1245
37.0525
21.7319
21.3021
40.879
28.6009
23.0558
22.5264
37.9872
22.972
38.0919
22.5987
21.9619
36.9659
22.4988
22.929
37.4254
22.1167
39.7701
23.2786
22.0357
37.4384
23.4864
1
1
1
1
1
1
1
1
1
1
1
1
1
1
1
1
1
1
1
1
1
1
1
1
1
1
1
1
1
1
1
1
1
1
1
1
1
1
1
1
1
1
1
1
1
1
1
1
1
1
1
1
1
1
1
1
