0
7
3
4
6
2
1
5
8
15
11
12
14
10
9
13
31
24
17
29
18
27
25
23
30
26
20
28
21
16
22
19
32
39
35
36
38
34
33
37
55
48
41
53
42
51
49
47
54
50
44
52
45
40
46
43
18.7935
34.5857
23.2478
38.9436
23.4512
24.0916
38.2819
23.243
40.4634
25.8445
23.4161
38.5142
23.3766
24.5471
36.4512
24.9872
37.8532
22.4296
23.966
39.9969
24.2023
22.5323
39.1265
20.5543
41.2006
23.8333
23.232
37.1793
21.534
23.7025
39.908
20.5313
39.0787
25.5494
20.6692
40.7589
22.6793
23.2138
38.4419
22.2921
39.1542
21.1887
23.4674
39.539
23.5259
38.1503
23.9747
23.2521
38.5525
22.6667
22.8606
40.8178
24.286
37.5107
24.1327
23.296
2
2
2
2
2
2
2
2
2
2
2
2
2
2
2
2
2
2
2
2
2
2
2
2
2
2
2
2
2
2
2
2
2
2
2
2
2
2
2
2
2
2
2
2
2
2
2
2
2
2
2
2
2
2
2
2
