6
4
2
5
0
3
7
1
14
12
10
13
8
11
15
9
21
24
23
28
16
29
19
22
17
20
26
27
30
25
31
18
38
36
34
37
32
35
39
33
45
48
47
52
40
53
43
46
41
44
50
51
54
49
55
42
612.9451
512.8845
39.9336
23.0305
24.2374
39.2676
23.5962
37.7316
22.4766
31.3047
23.7633
42.453
24.2714
22.9183
39.1858
23.7254
40.7412
22.7405
23.1893
37.4325
21.7509
25.7707
39.2735
23.7333
38.5798
21.9516
24.4377
40.3686
23.1289
35.1099
18.1977
40.674
23.441
19.2632
39.7341
22.2348
40.2303
23.2209
25.3495
36.7427
22.9558
24.401
41.327
23.7116
37.6387
24.6356
21.8532
30.7358
30.5375
50.3546
10.1467
39.9652
22.8373
24.047
40.8411
23.9629
2
2
2
2
2
2
2
2
2
2
2
2
2
2
2
2
2
2
2
2
2
2
2
2
2
2
2
2
2
2
2
2
2
2
2
2
2
2
2
2
2
2
2
2
2
2
2
2
2
2
2
2
2
2
2
2
