0
5
2
7
4
3
6
1
8
13
10
15
12
11
14
9
27
24
30
21
19
25
28
17
31
23
20
29
22
18
26
16
32
37
34
39
36
35
38
33
51
48
54
45
43
49
52
41
55
47
44
53
46
42
50
40
30.5493
24.002
22.8523
37.8793
22.6188
37.9358
23.0961
23.49
37.3973
23.0534
24.9229
38.1543
24.2536
36.8842
21.9271
21.8437
37.4795
22.5675
35.8483
22.5213
21.7367
39.9273
22.9017
23.4501
38.1329
29.1658
23.6128
37.0734
23.2829
23.9024
40.3204
775.9182
517.4712
39.7326
23.9226
36.9857
23.5698
25.4443
38.4273
22.9831
23.2466
38.6126
23.6796
38.1282
23.2454
23.345
38.56
22.1191
23.2201
38.8986
24.0912
22.6868
40.1
24.0798
35.8803
24.4476
2
2
2
2
2
2
2
2
2
2
2
2
2
2
2
2
2
2
2
2
2
2
2
2
2
2
2
2
2
2
2
1
1
1
1
1
1
1
1
1
1
1
1
1
1
1
1
1
1
1
1
1
1
1
1
1
