1
5
3
0
7
6
2
4
9
13
11
8
15
14
10
12
19
24
30
28
20
29
22
18
27
21
17
26
23
31
16
25
33
37
35
32
39
38
34
36
43
48
54
52
44
53
46
42
51
45
41
50
47
55
40
49
36.9612
21.2543
22.0796
36.734
23.0949
23.0898
36.8581
23.5449
36.6203
22.9155
23.3845
39.215
21.244
22.5146
38.2214
22.289
38.7327
22.4083
20.9232
37.5917
22.7216
39.5295
21.6474
20.5029
36.9936
24.2943
21.5218
40.4717
20.6503
35.6559
23.102
22.8504
40.1359
22.891
22.112
36.256
23.7313
37.5005
22.5797
23.5796
36.99
24.0012
20.1394
36.7838
30.0918
19.6223
37.0576
24.2698
23.1423
37.184
20.5088
37.0659
22.1827
12.9252
40.3852
22.0255
1
1
1
1
1
1
1
1
1
1
1
1
1
1
1
1
1
1
1
1
1
1
1
1
1
1
1
1
1
1
1
1
1
1
1
1
1
1
1
1
1
1
1
1
1
1
1
1
1
1
1
1
1
1
1
1
