2
5
4
3
6
1
0
7
10
13
12
11
14
9
8
15
29
28
21
22
18
20
19
27
25
31
30
23
26
16
24
17
34
37
36
35
38
33
32
39
53
52
45
46
42
44
43
51
49
55
54
47
50
40
48
41
19.2679
38.9547
24.8573
38.7327
21.4159
22.127
38.1053
23.9293
22.0594
38.1096
21.6332
39.9352
22.6011
24.1687
38.5177
23.1391
23.5974
38.3072
24.9232
36.6159
21.197
24.1339
38.9318
22.7998
21.7094
38.7034
22.7002
39.6093
22.4766
24.689
38.53
21.9303
21.7525
39.1072
23.2486
39.5311
22.4099
21.6075
39.3727
22.4735
38.061
23.3612
22.0116
37.7004
24.0668
21.6667
36.0142
23.0151
37.8252
23.6879
21.6367
38.7643
22.5185
21.3582
38.2768
22.2487
1
1
1
1
1
1
1
1
1
1
1
1
1
1
1
1
1
1
1
1
1
1
1
1
1
1
1
1
1
1
1
1
1
1
1
1
1
1
1
1
1
1
1
1
1
1
1
1
1
1
1
1
1
1
1
1
