7
5
6
0
2
3
4
1
15
13
14
8
10
11
12
9
18
19
17
25
16
23
29
24
31
26
30
27
20
22
28
21
39
37
38
32
34
35
36
33
42
43
41
49
40
47
53
48
55
50
54
51
44
46
52
45
17.2764
38.0689
21.4834
31.7989
22.4118
21.1037
41.9436
20.4598
29.0291
21.7718
20.9331
42.268
16.2706
18.8175
9.0741
32.2164
43.3011
18.3154
19.1336
24.9753
31.5444
23.3331
40.318
15.1012
40.2808
18.8424
21.8816
42.0223
16.7237
21.8516
32.6071
23.1241
41.8769
15.9059
28.0786
27.3516
21.1567
36.4491
22.4857
25.2392
19.8328
30.5343
22.3103
38.6986
26.573
19.1253
31.8482
21.4202
36.7478
27.3501
19.8214
30.5113
20.2824
21.4526
38.9807
25.0868
2
2
2
2
2
2
2
2
2
2
2
2
2
2
2
2
2
2
2
2
2
2
2
2
2
2
2
2
2
2
2
2
2
2
2
2
2
2
2
2
2
2
2
2
2
2
2
2
2
2
2
2
2
2
2
2
