7
6
1
4
3
5
0
2
15
14
9
12
11
13
8
10
18
19
27
28
26
24
25
29
31
17
20
21
30
16
23
22
39
38
33
36
35
37
32
34
42
43
51
52
50
48
49
53
55
41
44
45
54
40
47
46
13.4249
23.9928
30.4296
20.559
20.4329
42.1688
16.1497
32.4084
19.9197
18.4635
42.6176
18.3703
14.3762
26.2731
28.5558
39.2059
17.6817
12.1311
33.7809
19.3694
19.8
37.6276
12.5732
22.3936
30.6445
21.9606
34.9988
20.5597
22.8037
26.7602
22.3071
40.171
12.4053
23.7104
18.8989
30.7397
39.1458
15.1861
23.5642
19.7522
29.2286
19.0561
34.8685
24.9497
18.5635
281.0788
519.3546
20.3306
40.0639
16.7596
31.1533
18.7148
20.6791
40.9864
12.8604
20.5965
1
1
1
1
1
1
1
1
1
1
1
1
1
1
1
1
1
1
1
1
1
1
1
1
1
1
1
1
1
1
1
1
1
1
1
1
1
1
1
1
1
1
1
1
1
2
2
2
2
2
2
2
2
2
2
2
