3
5
4
2
1
0
6
7
11
13
12
10
9
8
14
15
23
16
27
25
26
18
21
28
20
31
22
24
19
17
29
30
35
37
36
34
33
32
38
39
47
40
51
49
50
42
45
52
44
55
46
48
43
41
53
54
2105.995
522.0019
24.3393
22.2494
38.2143
27.341
17.8524
38.3332
18.7421
41.1895
23.3651
19.1213
38.9886
22.6093
39.6586
9.3582
10.6907
30.1744
31.0561
21.1314
43.6258
16.1781
23.8151
36.2145
21.8089
46.1376
13.0378
26.2332
34.953
22.1941
41.1662
20.7482
25.2061
31.7364
23.2533
42.6318
15.7597
27.7317
31.614
22.2771
22.0606
37.0069
30.0195
21.0599
33.0453
22.3091
363.7288
522.7715
21.7248
40.1038
24.651
21.6102
33.2337
21.9954
22.8203
39.8016
1
1
1
1
1
1
1
1
1
1
1
1
1
1
1
1
1
1
1
1
1
1
1
1
1
1
1
1
1
1
1
1
1
1
1
1
1
1
1
1
1
1
1
1
1
1
2
2
2
2
2
2
2
2
2
2
