5
2
6
0
1
4
3
7
13
10
14
8
9
12
11
15
17
16
31
26
20
25
19
24
21
27
30
28
22
18
23
29
37
34
38
32
33
36
35
39
41
40
55
50
44
49
43
48
45
51
54
52
46
42
47
53
14.46
35.7123
21.9579
20.2923
43.9509
15.5275
39.7913
12.1434
29.4664
42.2297
21.0287
14.5477
27.9367
34.605
38.923
23.6705
15.6314
25.8429
31.8869
19.9747
39.6657
20.6245
26.3517
31.5614
22.0223
42.4683
15.4394
24.0343
27.2157
30.9609
39.6136
19.5666
19.8407
28.8193
33.1405
35.6934
20.7506
27.3102
30.7681
21.5873
23.7262
39.9292
20.6542
18.7089
32.9398
20.6806
37.0208
26.4505
16.5637
36.4456
24.1212
33.2598
27.9059
20.1351
32.282
21.5174
2
2
2
2
2
2
2
2
2
2
2
2
2
2
2
2
2
2
2
2
2
2
2
2
2
2
2
2
2
2
2
2
2
2
2
2
2
2
2
2
2
2
2
2
2
2
2
2
2
2
2
2
2
2
2
2
