3
2
7
5
4
1
0
6
11
10
15
13
12
9
8
14
30
27
22
20
25
17
26
19
16
24
28
31
21
29
23
18
35
34
39
37
36
33
32
38
54
51
46
44
49
41
50
43
40
48
52
55
45
53
47
42
27.0032
21.3337
20.2544
41.1697
12.9086
23.8068
35.198
20.8477
39.5097
15.2075
21.2657
24.0556
29.9116
39.2853
23.8474
14.7804
21.0721
28.9595
21.0544
42.0084
15.2679
23.5914
33.0812
20.7652
40.8288
13.2187
22.0009
35.8621
20.0734
22.3581
33.1705
22.9273
23.2564
31.7297
40.2792
14.4205
25.0678
19.1992
29.7102
21.5328
36.2188
26.3431
18.3624
30.6421
20.4562
37.2396
24.5586
19.3319
30.1044
19.0174
35.8621
25.9899
18.5912
31.3781
20.2378
35.5239
1
1
1
1
1
1
1
1
1
1
1
1
1
1
1
1
1
1
1
1
1
1
1
1
1
1
1
1
1
1
1
1
1
1
1
1
1
1
1
1
1
1
1
1
1
1
1
1
1
1
1
1
1
1
1
1
