5
4
3
1
2
6
0
7
13
12
11
9
10
14
8
15
31
22
28
21
25
17
26
20
29
16
30
18
27
23
24
19
37
36
35
33
34
38
32
39
55
46
52
45
49
41
50
44
53
40
54
42
51
47
48
43
25.0378
22.3178
35.5618
24.8726
21.3159
30.5007
17.1512
18.5098
36.8892
19.8459
30.9684
21.276
19.2888
37.5359
22.9206
270.2055
498.5443
42.8357
16.8655
24.9888
29.3858
19.8783
42.0965
14.8637
24.2879
23.87
29.5162
41.3787
13.9717
27.3702
32.3614
20.026
20.7707
36.2947
27.0866
17.6063
31.5164
19.6859
35.5772
23.0996
18.4173
35.4753
22.1412
35.7744
24.6356
19.8921
32.7292
18.5963
36.7735
24.0608
19.1632
32.8236
21.2242
21.0014
38.7938
20.6024
2
2
2
2
2
2
2
2
2
2
2
2
2
2
2
1
1
1
1
1
1
1
1
1
1
1
1
1
1
1
1
1
1
1
1
1
1
1
1
1
1
1
1
1
1
1
1
1
1
1
1
1
1
1
1
1
