3
0
2
6
7
1
4
5
11
8
10
14
15
9
12
13
18
20
16
29
30
21
26
31
22
28
25
23
17
27
19
24
35
32
34
38
39
33
36
37
42
44
40
53
54
45
50
55
46
52
49
47
41
51
43
48
281.5807
503.24
42.5935
16.9394
35.365
22.3719
21.8607
41.2688
18.2356
23.6424
35.3113
22.9198
40.8023
17.6386
19.5776
37.9697
20.8718
42.4765
16.3338
22.1834
36.4139
20.3962
42.1443
16.2646
21.7832
37.0745
23.3532
21.9721
38.0779
22.5275
22.2431
34.3896
21.0769
24.4286
35.734
21.4095
37.4889
21.8615
22.7476
36.2709
21.0729
38.4876
20.7142
20.7126
35.8111
20.2393
26.7179
31.2201
20.5416
35.7242
23.0956
26.7069
28.0181
18.6832
38.936
22.5662
2
2
2
2
2
2
2
2
2
2
2
2
2
2
2
2
2
2
2
2
2
2
2
2
2
2
2
2
2
2
2
2
2
2
2
2
2
2
2
2
2
2
2
2
2
2
2
2
2
2
2
2
2
2
2
2
