2
3
1
7
5
6
0
4
10
11
9
15
13
14
8
12
26
31
28
27
20
19
23
21
24
29
22
18
17
30
16
25
34
35
33
39
37
38
32
36
50
55
52
51
44
43
47
45
48
53
46
42
41
54
40
49
7839.459
225.156
259.1254
240.1324
210.043
274.1096
200.1447
269.4179
227.0638
231.3996
252.6626
274.6446
224.2442
243.9135
255.8258
226.0283
340.3954
208.5445
225.4559
212.1996
243.2961
178.651
147.2464
194.7608
214.7319
205.2434
228.8135
195.127
279.0795
219.3364
262.4316
238.8496
236.1202
246.6039
205.8652
244.4868
223.9076
233.8213
240.3809
233.5128
194.6055
210.2843
241.9517
227.7694
194.8639
226.4491
215.3328
222.5376
179.1804
199.0658
267.5386
194.1813
201.8107
186.4467
209.2501
225.7826
1
1
1
1
1
1
1
1
1
1
1
1
1
1
1
1
2
2
2
2
2
2
2
2
2
2
2
2
2
2
2
2
2
2
2
2
2
2
2
2
2
2
2
2
2
2
2
2
2
2
1
1
1
1
1
1
