7
4
1
5
6
2
3
0
15
12
9
13
14
10
11
8
17
26
19
20
28
18
27
24
25
22
21
16
29
31
23
30
39
36
33
37
38
34
35
32
41
50
43
44
52
42
51
48
49
46
45
40
53
55
47
54
175.6714
212.5595
241.2425
240.593
256.1782
256.3655
226.5257
229.4697
219.3028
256.3165
273.5289
241.1291
243.3209
269.5115
242.0251
247.3067
247.3972
255.7606
223.4549
211.4731
177.4247
209.9375
194.6048
163.4775
225.5515
174.9884
240.1593
209.2896
256.7633
225.9663
523.6655
22.2538
35.9738
27.7384
16.0647
35.8474
22.3774
38.3608
26.6077
17.9006
37.1472
19.2714
38.0756
26.5066
21.1152
36.2626
22.6417
35.3801
26.7693
18.0866
36.7379
21.5995
19.5081
43.9039
18.093
37.449
2
2
2
2
2
2
2
2
2
2
2
2
2
2
2
2
2
2
2
2
2
2
2
2
2
1
1
1
1
1
1
1
1
1
1
1
1
1
1
1
1
1
1
1
1
1
1
1
1
1
1
1
1
1
1
1
