6
1
4
3
0
5
7
2
14
9
12
11
8
13
15
10
26
29
18
28
21
27
23
17
20
30
25
19
16
22
24
31
38
33
36
35
32
37
39
34
50
53
42
52
45
51
47
41
44
54
49
43
40
46
48
55
233.2224
226.6075
210.745
210.1192
226.3234
210.1346
223.8361
211.1685
227.9317
240.9032
215.9432
242.0441
220.6172
194.3045
179.1575
195.4838
196.7215
255.0713
197.03
223.0338
194.1331
191.577
178.6518
229.8197
190.3211
225.2552
183.274
222.6687
226.724
288.2615
209.9292
227.1598
209.0004
210.4412
269.5495
212.9676
194.3756
272.4077
226.0137
208.1937
225.0778
209.1873
228.4429
238.6403
227.2242
210.2685
198.4823
206.5459
208.6476
225.6775
242.291
199.5391
236.2652
225.9288
304.1047
224.7357
1
1
1
1
1
1
1
1
1
1
1
2
2
2
2
2
2
2
2
2
2
2
2
2
2
2
2
2
2
2
2
2
2
2
2
2
1
1
1
1
1
1
1
1
1
1
1
1
1
1
1
1
1
1
2
2
