2
1
7
3
6
0
4
5
10
9
15
11
14
8
12
13
17
31
29
30
26
25
23
28
27
21
20
18
22
16
24
19
34
33
39
35
38
32
36
37
41
55
53
54
50
49
47
52
51
45
44
42
46
40
48
43
13.6122
35.9316
20.86
37.1847
19.804
29.4672
30.2079
21.7283
19.5962
38.1285
18.829
41.1622
18.1356
21.3763
35.7388
26.7381
15.4737
35.173
19.9166
36.9212
28.3172
11.6768
27.8996
29.3127
20.9022
44.7233
12.233
27.6199
29.7959
14.4932
42.3339
15.1051
25.3739
34.1285
20.8687
39.5835
13.4901
27.3141
32.4997
17.6331
40.6545
16.5842
25.2005
30.4189
22.0412
21.4858
34.9289
26.1309
31.3801
20.6763
20.0533
37.9638
19.998
21.0642
35.9122
21.6525
2
2
2
2
2
2
2
2
2
2
2
2
2
2
2
2
2
2
2
2
2
2
2
2
2
2
2
2
2
2
2
2
2
2
2
2
2
2
2
2
2
2
2
2
2
2
2
2
2
2
2
2
2
2
2
2
