7
1
3
0
2
4
5
6
15
9
11
8
10
12
13
14
31
26
25
30
19
24
18
16
28
23
17
22
29
21
20
27
39
33
35
32
34
36
37
38
55
50
49
54
43
48
42
40
52
47
41
46
53
45
44
51
30.7677
26.6251
15.4077
34.1427
21.1922
35.3694
27.1952
11.1739
37.0484
24.0422
19.1114
40.4886
15.115
33.7251
21.6043
21.963
43.19
12.0497
20.397
35.862
22.2154
40.4171
15.2944
19.8241
36.4278
20.6826
21.8634
36.3199
19.0455
37.2637
19.4816
21.2957
35.9738
18.7689
36.572
20.167
22.7262
35.8213
20.5254
21.8974
31.2568
20.3081
35.9375
21.9879
22.2711
33.5529
19.4808
35.5642
21.7271
19.0557
26.9625
28.6036
20.2346
35.1584
21.7267
24.5759
2
2
2
2
2
2
2
2
2
2
2
2
2
2
2
2
2
2
2
2
2
2
2
2
2
2
2
2
2
2
2
2
2
2
2
2
2
2
2
2
2
2
2
2
2
2
2
2
2
2
2
2
2
2
2
2
