0
4
2
3
6
1
7
5
8
12
10
11
14
9
15
13
16
30
31
26
19
25
28
23
29
17
24
21
27
22
18
20
32
36
34
35
38
33
39
37
40
54
55
50
43
49
52
47
53
41
48
45
51
46
42
44
24.9939
22.1285
22.9163
35.7012
28.7754
19.3224
31.8616
24.6818
37.2285
26.8807
18.2719
35.6301
20.0177
36.79
26.8546
22.6903
33.8283
19.6369
37.9235
21.8765
27.0652
34.1242
19.5448
36.747
28.299
19.8869
34.7357
22.49
21.6011
42.3019
20.2812
32.3642
21.7256
20.5111
39.3018
25.0136
17.1669
36.9402
23.0731
41.0452
20.0505
17.2645
26.8025
32.8481
22.4955
42.5382
13.0923
26.7456
34.3604
21.1974
37.2708
17.9239
23.5515
31.0676
23.0865
39.4263
2
2
2
2
2
2
2
2
2
2
2
2
2
2
2
2
2
2
2
2
2
2
2
2
2
2
2
2
2
2
2
2
2
2
2
2
2
2
2
2
2
2
2
2
2
2
2
2
2
2
2
2
2
2
2
2
