0
7
3
4
6
2
5
1
8
15
11
12
14
10
13
9
26
19
23
29
31
16
30
17
24
22
18
25
20
28
27
21
32
39
35
36
38
34
37
33
50
43
47
53
55
40
54
41
48
46
42
49
44
52
51
45
10.5769
22.2115
30.4327
25.7145
40.4681
16.6798
25.3617
23.3169
31.2714
22.4422
35.2311
29.1108
32.1014
14.7586
23.0703
38.6413
24.1635
21.3471
32.233
21.3597
37.8164
26.4371
20.5329
30.3695
22.4833
40.7596
25.4861
20.0138
35.1343
20.5925
20.3484
42.2241
19.9264
32.741
21.1448
19.6041
44.1034
19.1541
16.331
39.3093
20.7529
39.079
26.0989
14.2557
26.2577
30.3158
42.4844
23.177
11.6578
29.1006
27.926
21.965
39.4136
20.4527
24.2097
33.8527
2
2
2
2
2
2
2
2
2
2
2
2
2
2
2
2
2
2
2
2
2
2
2
2
2
2
2
2
2
2
2
2
2
2
2
2
2
2
2
2
2
2
2
2
2
2
2
2
2
2
2
2
2
2
2
2
