3
4
7
1
0
5
6
2
11
12
15
9
8
13
14
10
28
20
24
16
23
19
18
31
30
26
29
21
22
17
25
27
35
36
39
33
32
37
38
34
52
44
48
40
47
43
42
55
54
50
53
45
46
41
49
51
21.289
19.6582
35.783
43.143
15.3651
27.469
21.9448
35.4729
21.9428
39.0205
26.3075
21.1037
33.7662
19.7475
37.9736
27.6428
19.8277
30.8499
23.0032
20.7663
37.3688
19.6167
36.4997
20.6332
16.9157
40.6162
21.6454
19.7483
37.5339
22.0586
42.5461
17.6078
23.3307
38.4157
22.3217
41.148
25.4269
15.7751
23.0933
33.8697
41.4703
23.751
16.7814
26.7286
31.5108
20.86
41.5343
19.0581
25.3423
34.6255
23.0044
37.5608
22.9961
29.244
32.5356
21.6311
2
2
2
2
2
2
2
2
2
2
2
2
2
2
2
2
2
2
2
2
2
2
2
2
2
2
2
2
2
2
2
2
2
2
2
2
2
2
2
2
2
2
2
2
2
2
2
2
2
2
2
2
2
2
2
2
