6
3
5
1
7
2
0
4
14
11
13
9
15
10
8
12
30
25
27
28
20
21
31
22
17
16
18
26
19
23
29
24
38
35
37
33
39
34
32
36
54
49
51
52
44
45
55
46
41
40
42
50
43
47
53
48
37.6501
17.7248
25.8642
33.3076
21.8852
22.7258
36.2484
28.4704
20.0742
32.3021
20.9007
37.1136
24.8533
24.8533
30.445
22.8645
37.9543
25.2124
25.4794
30.5279
22.3825
36.3835
28.6249
16.3389
38.2186
21.2136
22.3833
42.3173
20.7908
30.7006
23.1336
22.5801
40.1801
26.3379
11.7558
38.7045
24.5427
41.4877
19.9486
18.4031
24.9611
30.9842
43.6206
22.4868
16.0738
24.0821
34.2213
21.0626
39.849
17.6248
27.0304
33.1606
21.8915
42.2352
18.7827
26.8041
2
2
2
2
2
2
2
2
2
2
2
2
2
2
2
2
2
2
2
2
2
2
2
2
2
2
2
2
2
2
2
2
2
2
2
2
2
2
2
2
2
2
2
2
2
2
2
2
2
2
2
2
2
2
2
2
