4
7
1
3
2
0
6
5
12
15
9
11
10
8
14
13
30
20
26
18
31
24
19
21
28
27
23
17
29
22
25
16
36
39
33
35
34
32
38
37
54
44
50
42
55
48
43
45
52
51
47
41
53
46
49
40
19.7771
40.0951
24.3187
15.9505
27.1754
33.5861
44.0358
22.343
18.396
27.9015
421.872
509.3757
37.0978
24.6158
21.869
35.9896
22.2593
38.1838
26.3932
22.6073
36.7225
22.6887
20.6609
42.0898
20.1931
35.5005
23.4773
25.3921
41.9665
20.3278
16.058
39.5412
22.55
44.9267
16.0268
22.2692
25.899
33.1855
23.7107
42.5058
18.0693
29.0314
32.5755
21.3905
44.4179
15.1774
27.254
31.6989
23.7451
41.8504
19.4069
25.6082
20.6435
32.5005
23.286
39.0514
2
2
2
2
2
2
2
2
2
2
2
2
2
2
2
2
2
2
2
2
2
2
2
2
2
2
2
2
2
2
2
2
2
2
2
2
2
2
2
2
2
2
2
2
2
2
2
2
2
2
2
2
2
2
2
2
