5
0
3
1
4
2
7
6
13
8
11
9
12
10
15
14
16
25
26
22
29
24
18
17
19
31
23
20
27
21
30
28
37
32
35
33
36
34
39
38
40
49
50
46
53
48
42
41
43
55
47
44
51
45
54
52
1388.049
257.6336
304.4322
242.2432
232.7349
236.6962
227.4217
240.392
459.7967
228.2114
276.1896
244.1766
221.7178
241.4033
242.5928
258.2973
259.8495
605.1911
330.7713
213.3394
273.8825
286.6667
317.6576
310.7899
284.4421
351.7803
290.3716
295.6587
281.4736
258.647
272.1517
274.2882
272.5697
253.1698
275.1151
429.9779
258.2531
180.0302
210.1528
185.915
188.3312
241.1505
241.3686
232.2154
208.744
244.4113
217.6878
231.5521
251.8519
480.8436
271.0629
219.8606
181.8273
514.4381
532.8542
22.9147
1
1
1
1
1
1
1
1
1
1
1
1
1
1
1
1
1
1
1
1
1
1
1
1
1
1
1
1
1
1
1
1
1
1
1
1
1
1
1
1
1
1
1
1
1
1
1
1
1
1
1
1
1
2
2
2
