1
4
7
6
0
5
3
2
9
12
15
14
8
13
11
10
26
18
27
24
28
16
21
20
31
30
25
22
17
19
29
23
33
36
39
38
32
37
35
34
50
42
51
48
52
40
45
44
55
54
49
46
41
43
53
47
17.6102
37.722
22.5196
23.0368
39.1189
22.4947
37.7161
21.5715
20.2314
35.1379
22.4197
22.0511
37.9045
23.0968
37.3929
22.2103
20.0572
38.2411
22.972
37.7291
23.1585
22.1463
36.6071
25.5983
20.0221
38.7626
20.7395
53.5422
1.8409
21.754
38.5674
22.0716
22.8677
35.8984
24.1781
36.826
21.1598
21.5249
35.0948
22.4217
37.8512
21.9993
23.0664
35.638
23.2983
22.2759
38.2099
20.8959
35.8217
21.9887
21.0919
37.1424
21.1978
19.2221
35.8059
21.0066
2
2
2
2
2
2
2
2
2
2
2
2
2
2
2
2
2
2
2
2
2
2
2
2
2
2
2
2
2
2
2
2
2
2
2
2
2
2
2
2
2
2
2
2
2
2
2
2
2
2
2
2
2
2
2
2
