6
0
3
2
4
7
5
1
14
8
11
10
12
15
13
9
30
20
23
26
29
19
21
24
22
31
25
27
28
16
17
18
38
32
35
34
36
39
37
33
54
44
47
50
53
43
45
48
46
55
49
51
52
40
41
42
30.5915
21.2155
21.6189
35.802
21.402
20.7545
38.0961
20.8932
36.888
21.3009
20.2883
37.2301
21.53
36.3144
19.7064
21.4344
37.1578
18.6208
20.414
36.7146
18.473
33.7971
19.3465
17.1729
40.8335
33.144
3.1174
19.0478
34.2
20.4432
36.5589
11.8715
22.5437
41.8472
20.7288
36.5139
4.0169
30.262
21.1219
36.551
21.6916
20.8292
35.9296
21.0623
35.7459
21.1555
21.0524
35.6005
19.9245
21.3981
36.9338
21.1962
36.5897
18.4631
21.0445
37.3309
2
2
2
2
2
2
2
2
2
2
2
2
2
2
2
2
2
2
2
2
2
2
2
2
2
2
2
2
2
2
2
2
2
2
2
2
2
2
2
2
2
2
2
2
2
2
2
2
2
2
2
2
2
2
2
2
