5
2
3
4
6
0
7
1
13
10
11
12
14
8
15
9
18
27
31
25
26
17
16
22
20
30
21
29
23
19
28
24
37
34
35
36
38
32
39
33
42
51
55
49
50
41
40
46
44
54
45
53
47
43
52
48
16.9015
20.429
37.0306
21.9594
36.1935
20.9042
4.2879
20.841
21.1954
21.9413
31.5673
22.0313
38.1032
21.2436
20.9307
35.8854
20.3191
37.0046
20.1212
23.1031
36.6802
14.5856
30.5236
20.9216
36.7434
20.4712
19.883
34.8045
21.4265
36.8612
21.8101
21.2997
35.1229
19.71
19.4761
35.2924
20.1651
32.8939
18.9668
19.4682
35.243
20.4637
21.6679
32.4151
21.3913
36.2512
21.5004
21.4079
35.1371
20.7272
37.8535
20.8355
20.9382
36.7596
16.8011
21.3522
1
1
1
1
1
1
1
1
1
1
1
1
1
1
1
1
1
1
1
1
1
1
1
1
1
1
1
1
1
1
1
1
1
1
1
1
1
1
1
1
1
1
1
1
1
1
1
1
1
1
1
1
1
1
1
1
