3
4
7
2
0
5
6
1
11
12
15
10
8
13
14
9
22
29
20
28
21
27
26
23
24
31
17
16
19
25
18
30
35
36
39
34
32
37
38
33
46
53
44
52
45
51
50
47
48
55
41
40
43
49
42
54
18.8637
32.7573
22.9017
21.6983
34.7535
22.4126
38.3987
23.0707
19.8423
29.9452
20.173
20.8398
36.2536
20.8157
35.5389
22.4608
22.0464
36.1998
22.7033
36.8015
21.2728
257.4405
515.9233
37.4644
24.4578
37.4948
17.8749
24.1852
36.0023
23.1043
22.887
38.6133
23.2861
37.08
22.1368
22.6559
38.1514
23.2742
24.5368
35.5788
20.0845
38.9368
23.8008
21.3815
37.7291
18.7472
23.5721
35.7305
22.1823
39.8178
20.9402
23.4441
37.7978
22.3438
39.309
20.1872
1
1
1
1
1
1
1
1
1
1
1
1
1
1
1
1
1
1
1
1
1
2
2
2
2
2
2
2
2
2
2
2
2
2
2
2
2
2
2
2
2
2
2
2
2
2
2
2
2
2
2
2
2
2
2
2
