4
7
2
3
5
1
0
6
12
15
10
11
13
9
8
14
16
21
28
23
19
22
25
26
27
18
31
24
17
20
29
30
36
39
34
35
37
33
32
38
40
45
52
47
43
46
49
50
51
42
55
48
41
44
53
54
15.5662
34.3644
19.1585
19.676
38.3877
20.2366
21.3179
36.0797
21.3416
36.0264
209.0807
522.14
21.2068
37.398
21.6797
36.9275
20.6376
20.2591
37.1744
21.7986
22.0886
39.0214
18.7112
36.2705
21.321
20.6948
38.7812
19.768
18.394
36.9429
21.2622
36.3772
21.4893
20.7727
35.6779
20.0924
21.7631
36.4732
21.1361
35.3137
23.2963
21.067
36.9038
23.0921
35.1703
21.9045
21.9938
37.6592
23.6136
20.1445
35.356
21.9286
37.2337
22.699
21.5415
35.3054
2
2
2
2
2
2
2
2
2
2
1
1
1
1
1
1
1
1
1
1
1
1
1
1
1
1
1
1
1
1
1
1
1
1
1
1
1
1
1
1
1
1
1
1
1
1
1
1
1
1
1
1
1
1
1
1
