6
2
5
1
7
4
3
0
14
10
13
9
15
12
11
8
18
27
22
23
25
16
30
29
19
20
28
21
31
26
24
17
38
34
37
33
39
36
35
32
42
51
46
47
49
40
54
53
43
44
52
45
55
50
48
41
1395.185
509.5423
40.5431
23.0569
40.203
21.6189
22.394
38.552
21.9705
24.8059
37.4004
23.0411
39.6503
22.4809
22.844
38.0056
23.1972
39.2165
23.3998
23.7878
38.9246
20.1003
21.6386
31.3493
23.1972
39.339
20.3061
22.795
38.2455
24.0564
23.1857
39.4204
20.1516
37.6718
24.425
22.4426
39.1501
21.8939
38.3181
24.2994
22.1692
24.7253
35.9667
24.6862
36.954
23.9798
38.409
23.3568
22.27
37.6971
23.3907
24.235
38.5086
20.0782
36.8837
15.6669
1
1
1
1
1
1
1
1
1
1
1
1
1
1
1
1
1
1
1
1
1
1
1
1
1
1
1
1
1
1
1
1
1
1
1
1
1
1
1
1
1
1
1
1
1
1
1
1
1
1
1
1
1
1
1
1
