2
4
0
5
7
3
6
1
10
12
8
13
15
11
14
9
27
28
23
24
26
16
29
25
30
18
20
19
22
17
21
31
34
36
32
37
39
35
38
33
51
52
47
48
50
40
53
49
54
42
44
43
46
41
45
55
80.6695
211.3056
130.1118
216.1158
127.6387
195.7631
122.9794
202.2575
129.4236
181.3793
199.302
157.1798
118.0992
301.0295
165.3505
192.044
147.6411
241.973
179.8717
200.1289
127.075
211.1377
105.7219
239.0227
148.9855
181.5148
126.083
179.7038
115.9528
203.2127
108.8113
194.0039
148.5248
194.1093
195.353
132.9294
149.3695
157.6456
178.9959
232.0787
177.6159
207.1748
194.6352
195.0061
195.3597
224.4651
165.5381
230.8295
125.8459
244.13
146.5211
211.0587
147.6019
228.55
175.1417
225.5128
2
1
2
1
2
1
2
1
2
1
2
1
2
1
2
1
2
1
2
1
2
1
2
1
2
1
2
1
2
1
2
1
2
1
2
1
2
1
2
1
2
1
2
1
2
1
2
1
2
1
2
1
2
1
2
1
