1
3
4
2
7
5
0
6
9
11
12
10
15
13
8
14
21
22
16
18
19
29
31
30
28
23
24
27
20
25
26
17
33
35
36
34
39
37
32
38
45
46
40
42
43
53
55
54
52
47
48
51
44
49
50
41
157.6752
246.2796
125.8677
240.4773
148.4537
180.1649
147.8358
197.9146
139.8963
177.2221
160.1898
211.9061
178.9951
178.7837
147.4578
179.5695
166.5033
179.001
190.7328
207.4707
136.1957
160.7318
146.7419
211.3968
162.6972
186.7505
138.8719
227.1211
117.2261
192.087
132.6773
176.9996
130.8774
215.2183
125.2644
208.6737
160.5916
178.0217
123.9453
175.5217
140.4841
245.476
176.3581
191.1452
165.7155
179.1172
111.1216
216.3971
95.9169
194.282
129.9968
229.1896
98.0356
226.2871
143.3862
196.1471
2
1
2
1
2
1
2
1
2
1
2
1
2
1
2
1
2
1
2
1
2
1
2
1
2
1
2
1
2
1
2
1
2
1
2
1
2
1
2
1
2
1
2
1
2
1
2
1
2
1
2
1
2
1
2
1
