3
7
6
4
0
1
2
5
11
15
14
12
8
9
10
13
25
21
22
31
30
26
19
28
20
27
17
23
16
29
18
24
35
39
38
36
32
33
34
37
49
45
46
55
54
50
43
52
44
51
41
47
40
53
42
48
233.8991
131.3665
240.6092
115.3898
200.1479
125.8412
272.3579
178.4815
162.8335
118.3627
190.9188
116.3167
230.3357
112.7836
204.6283
122.0352
218.3598
98.2627
226.0181
128.882
196.5579
115.9323
178.7668
129.7175
182.1267
149.6045
176.9665
85.2818
205.5831
100.3925
210.9315
167.2424
158.4357
137.1083
204.0665
150.3915
158.8098
167.2377
174.4776
129.1388
192.0495
130.7542
209.1805
136.4715
177.7763
143.487
195.0721
147.5083
193.3686
84.6592
193.7755
114.9201
210.8651
136.6426
157.6491
133.0676
1
2
1
2
1
2
1
2
1
2
1
2
1
2
1
2
1
2
1
2
1
2
1
2
1
2
1
2
1
2
1
2
1
2
1
2
1
2
1
2
1
2
1
2
1
2
1
2
1
2
1
2
1
2
1
2
