0
4
1
6
5
2
3
7
8
12
9
14
13
10
11
15
27
26
24
16
20
31
17
18
23
28
19
25
29
21
22
30
32
36
33
38
37
34
35
39
51
50
48
40
44
55
41
42
47
52
43
49
53
45
46
54
1107.375
334.552
323.437
294.7469
321.5344
273.9011
387.1991
274.2768
267.4541
461.7709
206.5435
154.0561
114.1841
153.7862
125.827
230.0046
128.3178
165.3714
121.2391
209.109
131.4838
199.6734
143.3349
178.7818
131.9413
180.6465
147.2484
201.6941
118.3722
207.9341
152.3778
204.1609
122.1703
210.152
128.2795
229.9126
148.7413
240.3019
121.0167
178.1192
117.4315
207.3206
152.814
179.8299
110.6586
197.1904
105.4983
191.9689
106.3935
179.1144
97.2174
168.5572
98.5843
209.2204
86.2853
180.4007
1
1
1
1
1
1
1
1
2
1
2
1
2
1
2
1
2
1
2
1
2
1
2
1
2
1
2
1
2
1
2
1
2
1
2
1
2
1
2
1
2
1
2
1
2
1
2
1
2
1
2
1
2
1
2
1
