4
3
7
2
6
5
0
1
12
11
15
10
14
13
8
9
16
30
17
18
29
19
22
20
24
27
21
25
23
28
26
31
36
35
39
34
38
37
32
33
40
54
41
42
53
43
46
44
48
51
45
49
47
52
50
55
101.428
181.9359
94.2466
225.9789
85.5279
196.4359
107.1022
179.6861
64.1069
199.415
96.613
200.1909
53.8863
235.7607
85.1195
196.5299
85.6484
230.7074
94.8301
181.3173
85.718
212.0752
84.692
180.5204
86.9288
201.5614
63.2011
197.0498
143.758
180.4161
123.9058
177.8561
127.1445
179.5561
101.5275
179.9891
123.28
189.4038
129.8633
165.6661
137.0372
211.189
127.2164
199.944
118.8182
156.9977
118.2299
170.0371
158.6937
177.4152
117.7784
210.8904
104.7125
191.9132
131.6308
196.1577
2
1
2
1
2
1
2
1
2
1
2
1
2
1
2
1
2
1
2
1
2
1
2
1
2
1
2
1
2
1
2
1
2
1
2
1
2
1
2
1
2
1
2
1
2
1
2
1
2
1
2
1
2
1
2
1
