2
5
4
0
1
6
7
3
10
13
12
8
9
14
15
11
21
25
24
27
31
19
26
23
16
29
30
20
22
17
28
18
34
37
36
32
33
38
39
35
45
49
48
51
55
43
50
47
40
53
54
44
46
41
52
42
129.9874
177.1107
177.8636
205.3556
123.8129
234.739
212.0676
179.5569
114.3769
189.4421
354.7148
219.9831
162.1406
130.6827
146.5546
179.4585
133.7471
179.8334
109.6026
215.1183
117.0633
205.0277
161.4402
176.0531
193.6981
150.7786
298.7184
85.5007
214.3871
157.9368
199.3759
116.0385
190.013
115.9714
161.1008
118.0925
221.1288
148.622
208.377
99.8347
255.5019
103.3879
212.4374
159.596
197.4468
127.4961
210.4447
105.8404
209.1367
147.7517
189.9837
115.5688
211.3798
115.1967
201.2635
143.2306
2
1
2
1
2
1
2
1
2
1
2
1
2
1
2
1
2
1
2
1
2
1
2
1
2
1
1
2
1
2
1
2
1
2
1
2
1
2
1
2
1
2
1
2
1
2
1
2
1
2
1
2
1
2
1
2
