3
1
5
0
4
2
6
7
11
9
13
8
12
10
14
15
20
31
23
21
25
30
26
29
22
18
19
16
17
28
24
27
35
33
37
32
36
34
38
39
44
55
47
45
49
54
50
53
46
42
43
40
41
52
48
51
28.0236
21.6169
20.4167
37.4376
21.7655
29.6576
23.177
19.6345
36.1208
24.7841
12.9682
37.997
18.5426
36.8027
24.2757
20.4744
24.442
32.19
24.5187
41.15
16.3354
25.6339
30.6615
23.1028
40.9793
18.7914
22.0582
36.4902
22.0685
39.7159
17.7252
27.224
31.3734
698.6363
500.8859
36.8983
22.9108
21.9689
35.9616
22.1558
44.2658
13.5118
24.2571
37.1302
20.8624
41.929
16.2409
22.428
37.176
20.8197
22.921
37.6146
22.8693
35.7337
23.3509
22.3573
1
1
1
1
1
1
1
1
1
1
1
1
1
1
1
1
1
1
1
1
1
1
1
1
1
1
1
1
1
1
1
1
1
2
2
2
2
2
2
2
2
2
2
2
2
2
2
2
2
2
2
2
2
2
2
2
