3
5
2
1
6
0
4
7
11
13
10
9
14
8
12
15
30
25
26
31
23
27
16
29
21
28
18
22
20
17
19
24
35
37
34
33
38
32
36
39
54
49
50
55
47
51
40
53
45
52
42
46
44
41
43
48
18.5272
24.0722
24.4152
34.302
38.1345
20.4306
20.9461
27.5334
28.681
38.1009
21.2614
22.8562
27.7029
31.4931
36.6356
23.7179
22.7314
26.3288
31.7281
22.4497
36.4444
21.1073
25.7761
33.0836
20.1366
37.8666
20.3709
24.5305
33.4877
20.4001
39.4105
22.5919
26.4584
33.3269
23.6736
18.8898
36.875
26.2399
34.2162
23.1782
22.8863
36.1011
27.5851
32.6064
11.3892
29.0575
259.3401
504.366
39.3311
18.0361
25.5766
32.7944
22.7689
43.5966
15.4326
26.7144
1
1
1
1
1
1
1
1
1
1
1
1
1
1
1
1
1
1
1
1
1
1
1
1
1
1
1
1
1
1
1
1
1
1
1
1
1
1
1
1
1
1
1
1
1
1
2
2
2
2
2
2
2
2
2
2
