7
1
2
3
4
6
0
5
15
9
10
11
12
14
8
13
27
31
20
19
30
29
28
25
16
23
21
24
17
22
18
26
39
33
34
35
36
38
32
37
51
55
44
43
54
53
52
49
40
47
45
48
41
46
42
50
26.1258
22.3837
41.6134
18.6066
21.6797
36.8134
21.5711
21.5442
37.2831
25.7437
17.2144
35.2829
21.6153
36.9406
25.9061
15.8949
38.0219
21.0725
40.9986
24.4855
20.1967
32.9232
22.0349
23.7266
41.1069
16.9019
36.1512
22.5351
386.4946
518.3322
25.5537
32.8801
37.7915
24.3982
21.165
26.1613
34.7622
20.9564
35.147
24.4116
24.7028
35.0229
20.4953
38.4363
23.9407
25.6722
31.9664
24.3448
32.9074
21.1413
25.9421
31.4903
22.0653
22.0586
36.5601
27.9154
2
2
2
2
2
2
2
2
2
2
2
2
2
2
2
2
2
2
2
2
2
2
2
2
2
2
2
2
1
1
1
1
1
1
1
1
1
1
1
1
1
1
1
1
1
1
1
1
1
1
1
1
1
1
1
1
