0
3
5
1
2
4
6
7
8
11
13
9
10
12
14
15
25
27
28
20
16
18
22
24
17
21
29
19
23
26
31
30
32
35
37
33
34
36
38
39
49
51
52
44
40
42
46
48
41
45
53
43
47
50
55
54
719.2712
304.5889
205.7168
216.3226
206.6183
243.2105
214.6713
175.38
146.8665
149.1183
191.4191
163.6661
398.6072
290.9154
523.114
24.8549
38.1597
21.6782
30.479
33.1322
22.9163
39.0553
19.8842
28.9888
35.1774
25.2428
35.8048
24.8683
27.1411
33.8014
23.3663
23.7396
37.2088
26.795
36.3215
23.0095
22.5102
38.1925
27.3283
34.2506
23.5385
24.8805
39.0399
28.077
18.2514
38.552
22.424
38.4319
26.893
208.0654
527.2535
20.3954
28.8406
34.1483
20.734
41.6734
1
1
1
1
1
1
1
1
1
1
1
1
2
2
2
2
2
2
2
2
2
2
2
2
2
2
2
2
2
2
2
2
2
2
2
2
2
2
2
2
2
2
2
2
2
2
2
2
2
1
1
1
1
1
1
1
