4
1
3
2
0
6
5
7
12
9
11
10
8
14
13
15
19
29
28
27
21
22
31
16
30
23
17
20
18
26
24
25
36
33
35
34
32
38
37
39
43
53
52
51
45
46
55
40
54
47
41
44
42
50
48
49
18.0713
37.3783
22.6717
26.8701
34.7697
23.5551
23.8621
35.5365
27.7973
32.4211
21.5956
20.9746
38.4951
28.0308
17.6991
37.3127
22.2589
38.7567
21.0524
23.3742
28.4329
33.6256
38.2387
27.1
17.1911
28.2646
33.0465
23.1162
40.2346
17.5604
26.876
33.9089
21.3108
45.035
16.683
26.0645
316.4814
522.747
22.0977
42.7002
19.0004
21.7279
37.3384
23.4729
44.5321
16.6293
19.1853
39.3141
22.4639
41.7722
16.015
19.5839
37.6446
23.7273
20.6226
38.5449
2
2
2
2
2
2
2
2
2
2
2
2
2
2
2
2
2
2
2
2
2
2
2
2
2
2
2
2
2
2
2
2
2
2
2
2
1
1
1
1
1
1
1
1
1
1
1
1
1
1
1
1
1
1
1
1
