3
5
7
0
1
2
4
6
11
13
15
8
9
10
12
14
17
22
24
16
25
19
31
20
18
30
28
27
21
29
23
26
35
37
39
32
33
34
36
38
41
46
48
40
49
43
55
44
42
54
52
51
45
53
47
50
9.8409
26.7429
35.2375
23.4472
44.57
16.6715
28.2255
35.8514
19.2707
42.0969
17.8212
23.0411
39.7368
21.7868
25.6691
36.9271
22.0851
36.9746
24.1208
21.9859
37.6122
26.7982
18.1033
36.126
22.6607
39.5654
26.1629
13.5016
41.2503
29.1535
11.2884
44.1433
14.1586
38.8025
24.9169
23.2556
41.0176
17.1962
36.8304
21.4589
22.1131
41.0172
19.0237
21.8125
36.6664
21.854
45.0488
15.2181
24.6312
508.4312
521.9703
23.5871
35.7988
22.9285
29.3202
33.4154
1
1
1
1
1
1
1
1
1
1
1
1
1
1
1
1
1
1
1
1
1
1
1
1
1
1
1
1
1
1
1
1
1
1
1
1
1
1
1
1
1
1
1
1
1
1
1
1
1
2
2
2
2
2
2
2
