0
1
4
6
2
5
3
7
8
9
12
14
10
13
11
15
21
26
27
29
24
16
31
30
28
23
17
19
22
20
25
18
32
33
36
38
34
37
35
39
45
50
51
53
48
40
55
54
52
47
41
43
46
44
49
42
31.6779
21.863
38.5366
23.6922
21.5849
38.5615
21.9863
28.3333
29.8441
21.7935
37.3854
22.9763
28.7063
30.6496
24.7296
35.7846
22.6251
25.453
31.8715
20.5653
23.2781
568.2106
510.1224
36.508
22.2541
27.3394
33.1827
20.2532
37.5126
23.2849
25.624
31.717
22.8586
36.6604
23.4129
28.3499
31.9292
20.043
39.2283
22.4564
27.565
32.805
20.6632
24.2725
36.8019
26.3316
34.4766
20.9793
21.0259
38.1846
25.3961
32.9101
21.9112
22.471
39.3974
25.0998
1
1
1
1
1
1
1
1
1
1
1
1
1
1
1
1
1
1
1
1
1
2
2
2
2
2
2
2
2
2
2
2
2
2
2
2
2
2
2
2
2
2
2
2
2
2
2
2
2
2
2
2
2
2
2
2
