5
4
6
0
1
7
2
3
13
12
14
8
9
15
10
11
28
18
26
23
30
27
21
31
24
22
29
25
17
16
20
19
37
36
38
32
33
39
34
35
52
42
50
47
54
51
45
55
48
46
53
49
41
40
44
43
39.1802
17.8318
19.1853
39.8672
20.4993
40.3179
13.6003
21.6197
32.9757
21.336
22.893
34.9838
18.8424
35.433
22.0926
23.757
37.5387
21.6469
23.3267
37.0053
22.5544
36.905
21.8306
20.886
40.8505
20.378
35.8205
20.969
21.0931
25.1989
31.3686
21.4964
36.2381
19.4808
28.3985
31.149
21.3574
37.1847
21.5829
26.2893
31.205
21.2428
35.8585
21.3143
22.7294
37.5497
22.0471
22.7819
35.1217
23.9166
32.1192
22.1574
19.4073
37.2353
27.403
29.5399
1
1
1
1
1
1
1
1
1
1
1
1
1
1
1
1
1
1
1
1
1
1
1
1
1
1
1
1
1
1
1
1
1
1
1
1
1
1
1
1
1
1
1
1
1
1
1
1
1
1
1
1
1
1
1
1
