7
2
0
1
6
4
3
5
15
10
8
9
14
12
11
13
22
23
28
29
31
16
21
19
18
27
17
20
30
25
24
26
39
34
32
33
38
36
35
37
46
47
52
53
55
40
45
43
42
51
41
44
54
49
48
50
1639.034
273.5522
225.4788
429.5117
212.2442
179.1824
200.8661
523.3135
19.1798
32.8955
23.7467
23.1458
42.9151
25.9914
30.2707
20.4574
22.3537
45.3763
20.8699
20.4353
37.4518
23.1659
26.0965
41.6121
19.0676
37.7749
22.9096
23.6894
43.5314
16.907
29.8603
32.7742
23.0221
39.0111
22.3533
29.769
32.7181
22.411
42.0029
20.7146
28.973
20.3709
31.8759
44.363
18.5477
25.2147
26.2972
31.2418
23.9699
39.3571
25.6568
26.5615
609.7272
524.1044
26.8064
25.7978
1
1
1
1
1
1
1
1
1
1
1
1
1
1
1
1
1
1
1
1
1
1
1
1
1
1
1
1
1
1
1
1
1
1
1
1
1
1
1
1
1
1
1
1
1
1
1
1
1
1
1
1
2
2
2
2
