1
2
0
4
6
3
7
5
9
10
8
12
14
11
15
13
21
25
31
29
27
28
17
30
19
16
18
24
20
23
22
26
33
34
32
36
38
35
39
37
45
49
55
53
51
52
41
54
43
40
42
48
44
47
46
50
27.2035
22.5441
36.5313
27.1292
36.6403
20.9421
23.6993
37.3648
27.1482
22.6907
29.8148
21.2183
39.4456
21.4968
22.4157
34.7353
22.2889
37.4514
27.6092
24.5226
33.5418
23.0269
21.9871
40.0912
21.6031
37.1499
22.6093
25.9938
30.0211
12.7806
16.9307
40.997
20.7213
44.7888
19.7495
19.4998
26.2024
31.5322
42.1538
24.1161
17.8694
27.4354
29.8294
24.2559
961.5403
521.6301
24.4037
38.0068
26.2944
26.3031
31.804
23.0636
37.0452
28.1315
20.728
33.9851
2
2
2
2
2
2
2
2
2
2
2
2
2
2
2
2
2
2
2
2
2
2
2
2
2
2
2
2
2
2
2
2
2
2
2
2
2
2
2
2
2
2
2
2
2
2
2
2
2
2
2
2
2
2
2
2
