0
4
5
3
7
2
6
1
8
12
13
11
15
10
14
9
21
26
25
29
18
31
19
22
17
16
30
20
24
23
28
27
32
36
37
35
39
34
38
33
45
50
49
53
42
55
43
46
41
40
54
44
48
47
52
51
12.1896
26.0894
32.551
35.6112
28.8912
17.1195
26.0373
35.0237
21.7374
39.0668
17.8334
28.3622
32.743
19.8447
41.1863
18.2466
21.3479
39.2671
18.8661
42.8376
13.3977
30.7476
28.8201
22.8985
23.3769
37.7963
26.9143
32.0197
20.9781
22.2933
36.8714
22.1131
22.1898
36.5435
23.6151
36.1789
26.4888
15.7747
490.5333
506.6629
37.3064
28.6964
14.9447
38.0993
20.86
23.6246
39.9711
19.9739
37.0697
23.2864
20.1283
39.2386
18.9017
22.3928
36.8331
18.7895
2
2
2
2
2
2
2
2
2
2
2
2
2
2
2
2
2
2
2
2
2
2
2
2
2
2
2
2
2
2
2
2
2
2
2
2
2
2
1
1
1
1
1
1
1
1
1
1
1
1
1
1
1
1
1
1
