3
0
2
7
6
5
1
4
11
8
10
15
14
13
9
12
25
23
24
29
16
28
18
22
17
26
27
31
20
19
21
30
35
32
34
39
38
37
33
36
49
47
48
53
40
52
42
46
41
50
51
55
44
43
45
54
18.7468
36.7047
27.7483
20.1856
33.4751
20.9339
39.9418
27.5934
17.319
32.1998
23.1497
39.6961
25.3957
21.7481
34.0957
23.0767
21.6762
42.7171
18.6634
15.5432
35.7554
22.4505
2428.089
507.2424
27.3678
31.9375
24.6087
37.2179
27.3327
20.9844
34.2834
22.2498
39.7423
31.275
15.7506
13.8421
19.9802
38.0171
22.3039
22.2123
38.7748
23.5231
37.8946
21.852
22.2
38.8329
22.0108
24.5289
33.9136
24.8228
35.8332
21.481
20.615
26.9297
32.0762
23.7826
2
2
2
2
2
2
2
2
2
2
2
2
2
2
2
2
2
2
2
2
2
2
1
1
1
1
1
1
1
1
1
1
1
1
1
1
1
1
1
1
1
1
1
1
1
1
1
1
1
1
1
1
1
1
1
1
