1
2
6
4
3
0
7
5
9
10
14
12
11
8
15
13
20
31
16
24
21
22
17
29
19
27
28
18
26
30
25
23
33
34
38
36
35
32
39
37
44
55
40
48
45
46
41
53
43
51
52
42
50
54
49
47
14.0705
38.4584
23.2102
24.3626
38.3272
23.8451
36.5514
23.9517
24.9678
37.0721
22.6954
20.8774
37.6848
23.755
38.8147
23.2742
24.7209
36.2168
22.7373
38.106
22.7476
24.1477
38.5666
21.6963
23.1865
37.8421
23.8648
38.6634
22.6765
21.0468
40.0074
23.049
22.9977
37.7753
20.5052
39.5958
22.3087
23.7617
39.3334
20.8118
22.6298
39.1671
23.6989
40.3961
17.9484
23.9359
38.2482
22.1372
38.2759
22.8847
21.4352
38.9131
23.3078
22.2214
39.2212
21.2594
1
1
1
1
1
1
1
1
1
1
1
1
1
1
1
1
1
1
1
1
1
1
1
1
1
1
1
1
1
1
1
1
1
1
1
1
1
1
1
1
1
1
1
1
1
1
1
1
1
1
1
1
1
1
1
1
