5
4
3
0
7
1
6
2
13
12
11
8
15
9
14
10
25
30
23
24
22
18
19
26
29
27
17
16
21
31
28
20
37
36
35
32
39
33
38
34
49
54
47
48
46
42
43
50
53
51
41
40
45
55
52
44
1341.829
516.2083
40.8615
24.1516
23.9008
39.2007
26.3189
40.0256
21.4178
22.1285
45.7358
23.0486
24.5321
41.6394
20.9173
22.3197
25.0535
40.026
23.3516
41.7804
23.8103
24.4357
37.69
25.3471
23.2031
39.3433
24.824
35.3978
23.9869
23.4942
40.3547
22.4371
23.9027
41.4126
24.6348
39.8403
23.3327
23.4599
34.0906
22.3245
23.3374
39.8873
22.5342
39.3579
25.5138
23.1964
40.7636
23.4607
39.6309
26.0412
22.4055
39.9304
23.4599
23.7763
40.248
24.5301
1
1
1
1
1
1
1
1
1
1
1
1
1
1
1
1
1
1
1
1
1
1
1
1
1
1
1
1
1
1
1
1
1
1
1
1
1
1
1
1
1
1
1
1
1
1
1
1
1
1
1
1
1
1
1
1
