0
5
4
7
3
2
6
1
8
13
12
15
11
10
14
9
26
20
17
27
25
30
24
29
22
23
18
31
19
28
21
16
32
37
36
39
35
34
38
33
50
44
41
51
49
54
48
53
46
47
42
55
43
52
45
40
34.025
23.7463
22.5105
39.6973
25.6438
23.0182
39.4306
22.7298
38.4351
24.5546
24.2622
39.6637
24.9686
37.532
23.2544
25.4146
37.6394
24.346
24.2298
38.0155
24.5277
39.1873
24.5716
24.6127
38.9739
22.7582
25.9255
38.3636
24.3472
37.3439
23.1742
25.6473
38.8424
22.893
24.5736
36.248
24.4949
40.3377
23.5891
22.0531
37.6785
23.6467
40.3539
23.1292
24.3654
40.3788
23.7818
22.3983
39.6665
664.877
524.1518
19.9612
22.6777
37.7698
22.2423
20.4313
1
1
1
1
1
1
1
1
1
1
1
1
1
1
1
1
1
1
1
1
1
1
1
1
1
1
1
1
1
1
1
1
1
1
1
1
1
1
1
1
1
1
1
1
1
1
1
1
1
1
1
1
1
1
1
1
