2
7
0
5
3
1
6
4
10
15
8
13
11
9
14
12
16
31
21
25
27
30
23
22
19
20
29
26
18
24
17
28
34
39
32
37
35
33
38
36
40
55
45
49
51
54
47
46
43
44
53
50
42
48
41
52
19.166
21.4162
37.2064
24.3116
39.094
23.1418
23.4275
38.9076
21.6185
23.527
39.5491
23.5492
40.7813
22.294
22.7436
38.1878
23.7984
24.1192
38.2838
22.0254
38.8451
24.188
22.6796
41.238
21.5932
39.5815
23.9987
22.6421
39.3386
20.7027
25.3123
38.3201
23.0933
38.6207
22.6192
21.8903
39.2165
22.889
24.0118
39.4259
21.4024
38.6634
23.6108
22.8234
39.4713
23.6981
22.8633
36.6735
23.9667
38.0756
25.7884
18.5824
38.6417
23.8028
37.3601
23.6997
1
1
1
1
1
1
1
1
1
1
1
1
1
1
1
1
1
1
1
1
1
1
1
1
1
1
1
1
1
1
1
1
1
1
1
1
1
1
1
1
1
1
1
1
1
1
1
1
1
1
1
1
1
1
1
1
