1
0
7
3
5
6
4
2
9
8
15
11
13
14
12
10
24
28
17
18
27
26
31
20
25
29
30
21
23
22
19
16
33
32
39
35
37
38
36
34
48
52
41
42
51
50
55
44
49
53
54
45
47
46
43
40
34.7883
23.2683
21.7967
38.9238
22.2846
20.7162
40.5605
20.5305
38.936
23.6973
20.9994
37.2159
24.3385
22.6389
38.1423
22.2818
37.8354
23.1355
21.9097
40.2026
23.755
36.0078
22.3691
23.2584
37.7161
23.6768
21.5343
37.8926
23.126
38.3782
23.2999
22.7547
37.0204
22.0894
24.5518
37.3261
22.8001
37.2357
22.7519
23.8052
37.7516
22.9028
39.6953
21.4545
22.7456
38.3865
22.791
23.9616
36.2934
23.638
38.4204
22.5852
23.0597
39.5882
22.7286
22.6437
1
1
1
1
1
1
1
1
1
1
1
1
1
1
1
1
1
1
1
1
1
1
1
1
1
1
1
1
1
1
1
1
1
1
1
1
1
1
1
1
1
1
1
1
1
1
1
1
1
1
1
1
1
1
1
1
