7
2
5
4
1
6
3
0
15
10
13
12
9
14
11
8
16
20
23
19
31
30
22
28
27
25
24
29
17
21
18
26
39
34
37
36
33
38
35
32
40
44
47
43
55
54
46
52
51
49
48
53
41
45
42
50
35.3066
23.1869
38.8021
22.5433
21.7659
40.5972
22.1451
24.8932
38.8503
22.2699
39.4227
24.6628
24.0521
37.5272
24.3563
22.8329
39.1059
22.5722
40.2496
21.7536
21.6821
38.3774
22.6551
24.3381
38.9972
21.7485
39.4875
25.2191
22.7385
38.9072
23.1991
38.522
23.113
22.9171
39.6187
24.2152
21.6485
37.5335
25.6588
38.0696
22.9123
23.1944
37.0567
24.0197
22.9408
39.211
24.9935
35.6242
22.7985
24.5913
37.0705
24.0165
40.7359
21.4455
24.0864
38.9802
1
1
1
1
1
1
1
1
1
1
1
1
1
1
1
1
1
1
1
1
1
1
1
1
1
1
1
1
1
1
1
1
1
1
1
1
1
1
1
1
1
1
1
1
1
1
1
1
1
1
1
1
1
1
1
1
