1
7
3
5
0
2
4
6
9
15
11
13
8
10
12
14
19
30
26
20
23
27
17
28
21
16
22
25
31
29
18
24
33
39
35
37
32
34
36
38
43
54
50
44
47
51
41
52
45
40
46
49
55
53
42
48
33.308
28.7458
21.1424
30.3837
23.3141
38.9558
23.9738
24.9062
33.2001
21.4782
24.1757
42.0586
21.1002
33.9725
23.3631
23.0948
45.2657
17.5853
21.8871
29.1729
29.0903
43.9636
19.7107
16.9607
39.0648
22.5951
43.7324
20.5329
16.2626
24.9374
31.9201
21.2586
39.3793
19.1233
21.4059
32.5123
23.4468
42.2679
18.5212
26.6287
31.2931
22.7796
41.8571
19.4291
25.8366
23.3892
32.6996
42.6069
19.1332
25.4944
22.6694
31.9304
21.7587
37.8444
26.5485
21.6631
1
1
1
1
1
1
1
1
1
1
1
1
1
1
1
1
1
1
1
1
1
1
1
1
1
1
1
1
1
1
1
1
1
1
1
1
1
1
1
1
1
1
1
1
1
1
1
1
1
1
1
1
1
1
1
1
