5
6
1
3
4
2
7
0
13
14
9
11
12
10
15
8
22
19
18
16
27
28
31
25
30
17
26
24
20
29
23
21
37
38
33
35
36
34
39
32
46
43
42
40
51
52
55
49
54
41
50
48
44
53
47
45
27.2999
20.2871
40.57
25.6615
22.2439
35.7905
21.0208
37.7042
27.7123
21.4735
34.7487
22.0424
38.6223
26.9538
20.6538
32.0406
20.1678
22.0582
41.3558
19.2623
19.004
37.5489
21.7382
40.7434
22.0787
16.2334
38.1878
21.8619
40.4372
20.3306
20.3863
36.9034
21.1057
23.2058
42.7069
16.026
26.326
34.1889
21.02
44.5004
13.5336
38.4923
22.1996
20.9192
43.5199
15.1391
27.625
21.6687
29.6908
44.0718
17.9057
26.5398
17.5948
35.6752
20.1066
38.3707
1
1
1
1
1
1
1
1
1
1
1
1
1
1
1
1
1
1
1
1
1
1
1
1
1
1
1
1
1
1
1
1
1
1
1
1
1
1
1
1
1
1
1
1
1
1
1
1
1
1
1
1
1
1
1
1
