1
7
2
5
6
0
4
3
9
15
10
13
14
8
12
11
29
20
21
23
22
28
27
18
31
17
24
19
16
30
26
25
33
39
34
37
38
32
36
35
53
44
45
47
46
52
51
42
55
41
48
43
40
54
50
49
18.4667
22.6856
32.615
21.654
38.7657
24.2769
15.6693
35.8676
22.3806
36.7434
28.2456
20.792
31.3524
22.6686
37.0042
25.6615
21.6991
30.7725
22.1194
20.8011
41.7978
24.2042
33.7615
19.8079
22.6401
42.1324
20.5309
20.4653
36.4933
21.0299
43.2078
21.2681
14.4011
37.1768
21.4135
41.7524
21.7082
15.213
25.8449
33.0211
21.9665
37.3818
21.0295
26.422
30.221
19.8273
43.6902
15.9584
26.505
33.5126
18.7812
43.6368
14.9503
26.7262
22.0262
30.4951
1
1
1
1
1
1
1
1
1
1
1
1
1
1
1
1
1
1
1
1
1
1
1
1
1
1
1
1
1
1
1
1
1
1
1
1
1
1
1
1
1
1
1
1
1
1
1
1
1
1
1
1
1
1
1
1
