4
6
0
7
5
3
2
1
12
14
8
15
13
11
10
9
29
16
28
18
31
22
26
19
21
17
30
23
24
25
27
20
36
38
32
39
37
35
34
33
53
40
52
42
55
46
50
43
45
41
54
47
48
49
51
44
33.8618
18.1704
27.7455
17.069
27.7044
17.6307
36.0185
20.2338
22.6642
31.1999
19.7435
35.8478
26.0242
19.5859
30.8704
20.3847
35.0387
26.0515
20.8734
35.0474
199.3522
514.493
26.4916
15.1628
38.185
21.1523
34.6437
15.2797
18.6065
31.3575
21.6276
21.3807
39.1722
22.07
32.8149
19.4393
21.9369
42.7112
19.6997
13.9839
36.6415
19.9545
42.7618
18.6223
16.3326
37.3767
19.6862
22.2996
40.0157
14.7634
25.0413
31.7893
21.5249
38.6026
17.052
27.9948
1
1
1
1
1
1
1
1
1
1
1
1
1
1
1
1
1
1
1
1
2
2
2
2
2
2
2
2
2
2
2
2
2
2
2
2
2
2
2
2
2
2
2
2
2
2
2
2
2
2
2
2
2
2
2
2
