3
2
7
1
6
4
0
5
11
10
15
9
14
12
8
13
30
28
22
29
31
23
21
20
24
26
17
19
18
25
16
27
35
34
39
33
38
36
32
37
54
52
46
53
55
47
45
44
48
50
41
43
42
49
40
51
1766.6
523.9839
24.2492
37.9282
30.2336
17.6521
39.4362
24.2488
23.5349
41.5446
25.142
33.8425
25.4202
23.8648
43.5242
23.3026
32.5949
23.0285
24.0066
39.1169
30.4584
15.8534
26.9807
30.5244
44.9966
21.5482
18.0112
29.165
34.4244
21.1902
43.892
16.9591
28.5751
34.0835
23.3828
43.4701
16.3851
29.8591
25.289
28.538
42.5228
19.5278
23.6594
28.092
32.8987
24.6723
36.2057
24.7671
24.9587
34.6172
23.3465
38.5216
25.7678
34.6255
22.9949
21.6351
1
1
1
1
1
1
1
1
1
1
1
1
1
1
1
1
1
1
1
1
1
1
1
1
1
1
1
1
1
1
1
1
1
1
1
1
1
1
1
1
1
1
1
1
1
1
1
1
1
1
1
1
1
1
1
1
