1
2
3
0
6
4
5
7
9
10
11
8
14
12
13
15
30
28
23
25
24
20
29
22
19
27
18
21
31
16
17
26
33
34
35
32
38
36
37
39
54
52
47
49
48
44
53
46
43
51
42
45
55
40
41
50
26.9095
18.6168
41.9555
15.9059
21.528
25.3961
29.9081
42.9356
13.624
24.1496
18.535
30.4659
41.7777
15.0064
25.5292
21.9879
28.4179
22.55
36.8106
26.5066
28.0939
21.0192
22.2048
34.4848
27.0901
20.2796
29.6513
21.2183
35.1726
27.5464
17.997
29.8816
18.5244
37.9934
24.1599
19.6195
30.7432
19.0703
19.4362
42.1392
20.4298
15.2813
34.0372
22.8309
35.9636
25.8437
17.3704
25.558
30.5054
22.151
41.1792
10.7235
26.9214
31.9
19.9877
35.7325
2
2
2
2
2
2
2
2
2
2
2
2
2
2
2
2
2
2
2
2
2
2
2
2
2
2
2
2
2
2
2
2
2
2
2
2
2
2
2
2
2
2
2
2
2
2
2
2
2
2
2
2
2
2
2
2
