6
3
0
2
7
4
5
1
14
11
8
10
15
12
13
9
26
31
25
24
20
21
28
19
18
23
17
16
29
22
30
27
38
35
32
34
39
36
37
33
50
55
49
48
44
45
52
43
42
47
41
40
53
46
54
51
32.3219
22.7361
29.6375
32.9658
24.0063
37.8121
24.3895
25.643
31.9861
23.0028
22.9973
42.2569
23.4002
35.4986
21.6003
22.0191
40.9955
23.7388
32.7648
24.2563
22.0728
25.7576
37.8761
17.4956
37.4905
21.1274
40.3946
24.3646
16.6028
29.1547
31.4686
27.8779
40.2223
13.4036
27.8202
32.1287
22.7389
43.3086
18.8487
23.8364
35.7732
28.7521
36.5676
17.7157
26.1234
34.6954
24.0544
41.4375
18.5106
26.2387
22.7827
38.0396
37.3755
6.381
39.9904
21.5391
2
2
2
2
2
2
2
2
2
2
2
2
2
2
2
2
2
2
2
2
2
2
2
2
2
2
2
2
2
2
2
2
2
2
2
2
2
2
2
2
2
2
2
2
2
2
2
2
2
2
2
2
2
2
2
2
