5
3
1
0
4
6
2
7
13
11
9
8
12
14
10
15
21
20
18
24
16
27
29
17
22
30
31
28
26
25
19
23
37
35
33
32
36
38
34
39
45
44
42
48
40
51
53
41
46
54
55
52
50
49
43
47
26.5635
22.8649
37.6963
27.8052
23.77
38.1716
16.7407
37.869
29.3787
20.8023
36.6826
18.0448
29.3297
35.6112
21.0227
39.4484
17.9606
31.6736
29.7599
26.8234
31.4717
23.1541
30.0685
35.3113
21.1713
18.4509
38.4145
28.5578
31.5057
28.0292
17.374
28.4088
27.6558
39.478
23.6132
20.604
39.497
21.6631
22.4248
41.2835
17.9168
39.0447
26.4505
16.4973
43.5243
18.5102
176.8097
522.7642
20.702
25.5205
29.9199
22.7476
41.1733
15.9446
21.899
36.5897
2
2
2
2
2
2
2
2
2
2
2
2
2
2
2
2
2
2
2
2
2
2
2
2
2
2
2
2
2
2
2
2
2
2
2
2
2
2
2
2
2
2
2
2
2
2
1
1
1
1
1
1
1
1
1
1
