6
5
0
1
4
2
3
7
14
13
8
9
12
10
11
15
18
26
28
25
29
20
27
17
31
24
21
16
23
19
30
22
38
37
32
33
36
34
35
39
42
50
52
49
53
44
51
41
55
48
45
40
47
43
54
46
19.6262
25.5983
43.7799
21.9318
35.3615
21.5434
22.7701
28.8639
32.0655
38.7006
23.8399
21.4249
30.2656
30.1878
23.9893
30.5536
30.0708
27.5235
32.3436
24.0857
39.6278
24.6289
26.1218
40.924
18.7002
27.0925
33.5624
23.2904
40.2022
18.558
38.5813
22.4462
29.767
32.2247
24.1366
27.3757
35.8806
29.8583
36.6016
19.0889
27.93
34.3817
25.0405
25.1183
22.1747
27.8534
29.7777
30.1755
23.6357
38.9976
27.9739
19.0573
39.5748
19.2801
37.1156
28.2492
2
2
2
2
2
2
2
2
2
2
2
2
2
2
2
2
2
2
2
2
2
2
2
2
2
2
2
2
2
2
2
2
2
2
2
2
2
2
2
2
2
2
2
2
2
2
2
2
2
2
2
2
2
2
2
2
