0
2
7
3
4
5
6
1
8
10
15
11
12
13
14
9
24
17
25
20
16
31
29
18
21
22
19
30
23
28
26
27
32
34
39
35
36
37
38
33
48
41
49
44
40
55
53
42
45
46
43
54
47
52
50
51
19.8648
33.8974
20.7142
39.5397
29.5411
14.1139
39.051
23.1829
31.3666
37.3506
22.3027
30.2628
22.9021
28.8699
38.3573
15.8889
42.0538
17.9318
24.4325
43.559
21.9472
19.0008
38.0463
24.7312
40.1943
21.4328
22.3225
38.3766
23.2311
22.1262
40.8153
19.1126
38.9123
23.4923
22.413
41.0302
18.2308
31.2987
26.3707
21.1259
37.7801
21.7603
22.8705
42.4137
17.7742
43.1916
20.1505
30.0898
18.3988
35.2323
22.1459
38.7132
23.847
43.0439
16.9177
21.4411
2
2
2
2
2
2
2
2
2
2
2
2
2
2
2
2
2
2
2
2
2
2
2
2
2
2
2
2
2
2
2
2
2
2
2
2
2
2
2
2
2
2
2
2
2
2
2
2
2
2
2
2
2
2
2
2
