3
4
0
6
2
1
5
7
11
12
8
14
10
9
13
15
22
25
24
30
28
27
20
18
23
17
16
29
21
19
26
31
35
36
32
38
34
33
37
39
46
49
48
54
52
51
44
42
47
41
40
53
45
43
50
55
705.6796
507.9201
41.9883
20.6546
38.3849
28.5273
21.3977
40.9445
21.8686
39.7842
25.7923
20.4641
45.5881
17.1555
26.2771
37.0859
25.4854
40.0086
22.6113
22.9258
45.7722
20.9793
21.726
39.7194
23.832
28.5111
33.063
23.6554
40.6968
26.4947
25.1744
36.1757
20.2366
42.3134
26.7389
25.6462
36.1184
22.7108
39.3109
25.0595
23.4516
40.013
22.9637
41.767
27.3263
24.457
33.6619
23.0012
23.8
28.0292
39.3275
19.4117
37.6402
26.185
40.632
27.8909
1
1
1
1
1
1
1
1
1
1
1
1
1
1
1
1
1
1
1
1
1
1
1
1
1
1
1
1
1
1
1
1
1
1
1
1
1
1
1
1
1
1
1
1
1
1
1
1
1
1
1
1
1
1
1
1
