4
6
2
7
3
1
0
5
12
14
10
15
11
9
8
13
23
28
29
21
20
26
22
17
16
30
24
18
25
31
27
19
36
38
34
39
35
33
32
37
47
52
53
45
44
50
46
41
40
54
48
42
49
55
51
43
10.8697
40.9749
22.1961
29.8765
34.6816
24.188
38.8175
26.1131
130.4883
511.5128
38.1052
22.1957
17.1666
39.6665
24.9501
38.4228
24.9524
21.0042
39.5211
30.4489
17.8117
43.3287
15.7578
39.9928
25.1219
22.9416
42.4698
20.2749
32.9662
29.4455
24.9959
44.5716
15.1865
33.3909
37.372
15.0443
39.7321
23.3734
27.1976
19.9229
35.9095
20.9615
41.2444
28.4424
21.159
34.294
23.932
39.4622
25.8464
37.2471
20.0197
24.2551
36.4151
33.1756
13.1729
38.1305
1
1
1
1
1
1
1
1
2
2
2
2
2
2
2
2
2
2
2
2
2
2
2
2
2
2
2
2
2
2
2
2
2
2
2
2
2
2
2
2
2
2
2
2
2
2
2
2
2
2
2
2
2
2
2
2
