2
6
0
5
4
1
3
7
10
14
8
13
12
9
11
15
28
27
25
29
31
20
16
22
24
18
23
19
30
17
21
26
34
38
32
37
36
33
35
39
52
51
49
53
55
44
40
46
48
42
47
43
54
41
45
50
31.8344
17.4111
35.8087
29.7027
20.9153
35.6914
18.1112
40.1888
27.6693
18.0203
32.1615
23.1051
27.0569
32.1908
28.4954
38.174
18.3115
23.4018
42.1297
21.3088
36.7415
18.0357
21.6983
38.1183
25.1512
38.4312
18.2305
28.9785
33.1816
22.0001
16.6546
38.7373
22.1799
42.6777
21.5004
16.2409
30.8282
36.186
13.5632
35.9209
19.612
24.6957
33.353
23.6669
35.7242
17.8571
8.8699
28.2125
25.3048
35.117
23.0459
22.6224
43.6827
17.0789
41.3262
17.1527
1
1
1
1
1
1
1
1
1
1
1
1
1
1
1
1
1
1
1
1
1
1
1
1
1
1
1
1
1
1
1
1
1
1
1
1
1
1
1
1
1
1
1
1
1
1
1
1
1
1
1
1
1
1
1
1
