6
4
0
2
5
3
7
1
14
12
8
10
13
11
15
9
25
20
22
19
21
28
16
27
30
26
17
24
29
23
31
18
38
36
32
34
37
35
39
33
49
44
46
43
45
52
40
51
54
50
41
48
53
47
55
42
772.7778
526.5552
18.4568
38.9594
29.0358
16.6486
41.3649
18.6129
29.0836
38.3241
17.8998
38.8361
17.5043
21.4415
42.3585
22.65
19.7191
36.0233
23.0929
42.9645
20.186
21.4143
37.1697
27.2967
39.7044
18.0416
22.9787
38.3043
23.9478
22.5058
40.3895
18.3119
39.151
27.7001
15.8866
40.3053
17.4976
25.1464
38.1692
17.1954
39.7862
19.373
32.6123
27.2517
23.0301
23.7163
36.284
24.0383
28.0663
33.8358
20.8936
37.4459
24.5787
27.9897
31.6811
24.2378
1
1
1
1
1
1
1
1
1
1
1
1
1
1
1
1
1
1
1
1
1
1
1
1
1
1
1
1
1
1
1
1
1
1
1
1
1
1
1
1
1
1
1
1
1
1
1
1
1
1
1
1
1
1
1
1
