3
7
0
1
6
5
2
4
11
15
8
9
14
13
10
12
29
17
27
31
16
19
26
22
30
21
20
18
25
28
23
24
35
39
32
33
38
37
34
36
53
41
51
55
40
43
50
46
54
45
44
42
49
52
47
48
30.8701
17.8149
26.2076
23.9514
37.3586
37.1385
16.5424
20.6696
27.3999
36.4634
18.7871
36.7632
26.7279
20.9082
37.5494
18.2858
35.6432
27.932
20.7071
36.6625
17.0607
24.9197
38.1056
22.1519
36.8719
18.9048
22.9064
38.9511
19.5689
40.4203
21.2871
19.5172
39.7056
19.7372
42.5955
18.8906
21.2464
39.8941
22.7543
16.2915
29.1812
28.1754
25.3479
38.7903
19.2019
36.809
24.5234
19.625
36.9971
22.1605
29.8725
33.6699
18.5145
43.616
17.6481
34.328
1
1
1
1
1
1
1
1
1
1
1
1
1
1
1
1
1
1
1
1
1
1
1
1
1
1
1
1
1
1
1
1
1
1
1
1
1
1
1
1
1
1
1
1
1
1
1
1
1
1
1
1
1
1
1
1
