0
1
5
7
6
3
2
4
8
9
13
15
14
11
10
12
25
16
28
31
26
22
29
20
21
30
27
19
18
17
24
23
32
33
37
39
38
35
34
36
49
40
52
55
50
46
53
44
45
54
51
43
42
41
48
47
22.6721
18.8021
39.5361
17.368
22.4616
43.3453
16.9991
41.2183
15.8984
22.2514
48.4792
12.6976
45.3131
14.8523
20.3279
26.0784
31.3947
23.0929
35.7519
27.5681
21.47
35.5855
17.6612
37.4684
21.79
30.0634
31.917
21.2369
22.9459
34.6279
27.4808
33.6312
19.6748
22.6591
44.3152
17.8658
32.6162
22.4975
18.6109
25.1859
37.4459
16.3626
35.6681
21.1879
25.88
33.417
20.0873
27.584
34.0436
27.5065
34.9056
18.9846
25.1583
33.6094
25.7722
33.6221
1
1
1
1
1
1
1
1
1
1
1
1
1
1
1
1
1
1
1
1
1
1
1
1
1
1
1
1
1
1
1
1
1
1
1
1
1
1
1
1
1
1
1
1
1
1
1
1
1
1
1
1
1
1
1
1
