0
6
2
4
3
1
5
7
8
14
10
12
11
9
13
15
25
22
28
23
31
16
20
27
30
24
21
19
18
17
26
29
32
38
34
36
35
33
37
39
49
46
52
47
55
40
44
51
54
48
45
43
42
41
50
53
30.7575
22.3213
26.7354
35.5575
20.0691
34.7579
25.3625
22.5517
34.9432
23.5334
38.7539
21.3329
29.0532
33.5593
20.7521
25.0224
36.3444
28.2188
18.9977
38.2569
20.5037
27.1399
38.187
20.3555
37.5759
23.7483
25.8556
36.3211
19.055
29.2017
34.0843
23.9762
37.6316
20.621
25.1958
36.3192
26.1491
37.2736
17.4838
39.6231
21.6734
26.0681
40.1046
16.8237
28.1473
32.6964
25.3432
39.1111
19.6175
26.0641
21.0721
37.4352
34.3992
23.5776
26.351
22.2984
1
1
1
1
1
1
1
1
1
1
1
1
1
1
1
1
1
1
1
1
1
1
1
1
1
1
1
1
1
1
1
1
1
1
1
1
1
1
1
1
1
1
1
1
1
1
1
1
1
1
1
1
1
1
1
1
