1
7
5
2
6
3
0
4
9
15
13
10
14
11
8
12
18
22
17
20
19
31
28
23
29
26
30
27
25
21
16
24
33
39
37
34
38
35
32
36
42
46
41
44
43
55
52
47
53
50
54
51
49
45
40
48
18.5635
25.327
37.2365
38.9882
18.8318
20.009
28.6953
32.89
19.3394
36.239
29.9456
14.1882
34.9337
21.5292
36.154
23.4453
23.3971
36.1031
24.0837
23.16
34.4979
27.5879
32.7727
19.5065
23.0514
44.587
14.1467
39.0072
21.8074
21.1271
28.0505
39.2114
34.2854
17.6956
24.5199
25.6079
38.8709
17.1887
27.5982
34.6465
23.0878
39.5124
17.0358
29.7007
31.8684
24.3606
37.9843
16.0766
30.7077
30.4027
20.7838
42.5694
17.6888
30.1641
29.9658
26.2352
1
1
1
1
1
1
1
1
1
1
1
1
1
1
1
1
1
1
1
1
1
1
1
1
1
1
1
1
1
1
1
1
1
1
1
1
1
1
1
1
1
1
1
1
1
1
1
1
1
1
1
1
1
1
1
1
