3
2
0
6
4
1
5
7
11
10
8
14
12
9
13
15
17
23
16
28
26
20
21
22
31
29
25
30
19
18
27
24
35
34
32
38
36
33
37
39
41
47
40
52
50
44
45
46
55
53
49
54
43
42
51
48
18.1064
26.2949
32.3851
21.3827
38.7737
24.0458
26.9246
31.5717
23.0435
41.2716
22.473
21.9847
36.5775
25.0555
21.6146
40.1027
23.3319
38.9096
21.694
23.1616
38.0132
27.5484
33.6118
22.9487
20.8244
39.6531
23.3967
20.7798
39.8293
21.7268
39.0028
24.4041
20.777
25.5707
33.4538
24.271
39.5176
21.5434
28.0742
32.939
18.9874
42.3667
18.4592
21.4131
36.6522
20.7632
507.833
521.9103
22.1424
22.1791
40.4385
24.2235
19.9403
37.9357
23.5338
23.567
1
1
1
1
1
1
1
1
1
1
1
1
1
1
1
1
1
1
1
1
1
1
1
1
1
1
1
1
1
1
1
1
1
1
1
1
1
1
1
1
1
1
1
1
1
1
2
2
2
2
2
2
2
2
2
2
