0
4
5
7
6
2
3
1
8
12
13
15
14
10
11
9
31
18
24
27
16
28
22
25
29
23
17
20
30
21
19
26
32
36
37
39
38
34
35
33
55
42
48
51
40
52
46
49
53
47
41
44
54
45
43
50
35.8735
16.0857
150.9735
515.9918
24.3654
19.6693
37.8121
23.4504
35.8
27.2663
16.9501
36.7415
21.6446
34.8728
23.2268
24.5226
36.3622
20.7995
20.8375
42.7132
13.677
41.1235
19.7321
21.2898
42.012
17.1223
22.6974
37.8911
21.6023
40.4017
17.594
21.9018
37.5114
21.4976
42.7626
15.8767
21.3096
38.7986
20.0861
22.1898
38.5271
17.7082
39.3663
22.0472
22.7294
34.552
23.8064
19.2363
27.3651
30.4146
35.2687
22.9183
18.7555
28.3274
30.0618
22.7717
2
2
1
1
1
1
1
1
1
1
1
1
1
1
1
1
1
1
1
1
1
1
1
1
1
1
1
1
1
1
1
1
1
1
1
1
1
1
1
1
1
1
1
1
1
1
1
1
1
1
1
1
1
1
1
1
