6
7
4
0
5
3
2
1
14
15
12
8
13
11
10
9
17
30
24
23
31
20
16
22
29
27
25
28
19
21
18
26
38
39
36
32
37
35
34
33
41
54
48
47
55
44
40
46
53
51
49
52
43
45
42
50
16.3875
27.9103
32.3508
22.202
38.7349
19.7345
40.3452
22.1992
19.9762
42.4288
19.0344
27.6795
30.8633
23.2067
38.8025
17.1219
26.3458
31.5243
20.9212
23.4263
38.059
20.7877
37.8168
22.3608
22.4707
34.4446
26.8452
33.7777
21.5193
22.6907
36.4977
26.6741
14.8566
39.7546
22.4122
37.3862
28.0584
16.1161
35.9802
21.3171
36.3737
26.4896
19.9367
35.7428
20.1173
19.9719
36.5771
20.0268
21.4546
35.2904
21.9966
39.8933
17.7481
21.0765
39.1502
22.0859
2
2
2
2
2
2
2
2
2
2
2
2
2
2
2
2
2
2
2
2
2
2
2
2
2
2
2
2
2
2
2
2
2
2
2
2
2
2
2
2
2
2
2
2
2
2
2
2
2
2
2
2
2
2
2
2
