2
0
3
1
7
5
4
6
10
8
11
9
15
13
12
14
20
18
24
28
29
16
26
19
31
17
23
27
22
30
25
21
34
32
35
33
39
37
36
38
44
42
48
52
53
40
50
43
55
41
47
51
46
54
49
45
31.0834
23.6432
36.5135
24.6715
21.404
38.1593
22.4876
39.3615
21.6252
23.2845
26.876
33.2104
23.2533
37.0461
20.361
40.7711
19.5907
22.2656
37.5304
22.4703
26.8803
29.7919
23.8368
36.4487
23.7491
26.5125
29.581
20.3377
37.6363
21.8314
27.3726
31.7396
22.6875
22.5098
37.7923
22.1234
36.2737
21.0741
21.9559
38.8258
26.9234
22.7685
20.3887
23.4923
36.6182
27.5456
19.486
35.2134
24.6032
23.3232
34.4473
23.326
24.2168
31.7929
36.2346
23.9012
2
2
2
2
2
2
2
2
2
2
2
2
2
2
2
2
2
2
2
2
2
2
2
2
2
2
2
2
2
2
2
2
2
2
2
2
2
2
2
2
2
2
2
2
2
2
2
2
2
2
2
2
2
2
2
2
