6
4
2
3
7
1
0
5
14
12
10
11
15
9
8
13
21
26
30
19
25
16
28
22
29
24
23
31
20
18
17
27
38
36
34
35
39
33
32
37
45
50
54
43
49
40
52
46
53
48
47
55
44
42
41
51
433.1131
521.5887
39.9051
23.2572
25.0251
38.6465
22.0396
22.588
42.637
20.3164
39.9257
23.2663
22.3944
42.7863
19.9241
22.2222
37.1579
21.5865
39.9241
25.4028
20.2156
39.4745
23.39
22.8732
38.3454
24.6767
38.0657
25.0006
21.3831
37.2468
22.4094
26.5848
37.0555
22.1076
37.3337
22.3592
24.7747
29.7264
31.1885
40.2717
20.5297
25.1681
36.4294
22.1281
41.6647
20.6885
23.3102
28.1319
33.1658
22.8934
38.5291
21.8868
39.3536
18.0231
21.8792
40.0351
1
1
1
1
1
1
1
1
1
1
1
1
1
1
1
1
1
1
1
1
1
1
1
1
1
1
1
1
1
1
1
1
1
1
1
1
1
1
1
1
1
1
1
1
1
1
1
1
1
1
1
1
1
1
1
1
