1
4
3
0
6
2
7
5
9
12
11
8
14
10
15
13
28
23
21
24
27
22
30
19
26
25
18
31
17
20
29
16
33
36
35
32
38
34
39
37
52
47
45
48
51
46
54
43
50
49
42
55
41
44
53
40
33.0733
22.844
21.5988
33.1796
21.7659
38.9115
20.9062
35.6361
21.8097
23.023
35.4496
23.6452
35.6997
23.1024
21.0607
38.4007
21.1018
27.6096
29.3293
23.4152
38.1795
21.6576
28.9576
28.7861
21.1318
22.1838
38.5706
25.1373
32.3069
21.2037
22.0242
36.8892
28.9481
13.7351
37.2266
22.253
35.5077
22.588
18.7824
28.6154
31.1861
36.1888
23.9569
18.9605
27.4769
31.2955
18.7907
42.7827
16.1821
25.487
32.5068
22.6125
40.7126
16.7253
22.4529
36.0932
1
1
1
1
1
1
1
1
1
1
1
1
1
1
1
1
1
1
1
1
1
1
1
1
1
1
1
1
1
1
1
1
1
1
1
1
1
1
1
1
1
1
1
1
1
1
1
1
1
1
1
1
1
1
1
1
