7
3
5
2
1
6
4
0
15
11
13
10
9
14
12
8
18
22
16
29
21
28
19
27
25
30
17
24
23
26
31
20
39
35
37
34
33
38
36
32
42
46
40
53
45
52
43
51
49
54
41
48
47
50
55
44
160.513
524.8043
22.9412
39.0451
23.4137
39.539
23.8021
23.8637
37.6028
23.744
24.3694
36.5132
23.8566
37.1805
21.9504
23.0088
37.1394
20.5637
21.2049
37.3811
22.3391
37.9698
22.5015
22.7279
37.6209
23.8021
40.1276
22.4905
23.6638
38.5351
24.5965
22.2542
38.656
22.9021
38.6426
23.8424
23.5619
38.8551
22.3842
22.8883
39.1668
22.3755
32.0952
23.6357
36.7712
24.4828
40.6602
23.872
23.0961
37.5968
23.3102
40.6914
22.2894
24.2437
37.6822
23.3865
2
2
2
2
2
2
2
2
2
2
2
2
2
2
2
2
2
2
2
2
2
2
2
2
2
2
2
2
2
2
2
2
2
2
2
2
2
2
2
2
2
2
2
2
2
2
2
2
2
2
2
2
2
2
2
2
