2
3
5
1
0
4
6
7
10
11
13
9
8
12
14
15
19
16
28
31
17
20
24
21
30
23
26
25
27
18
29
22
34
35
37
33
32
36
38
39
43
40
52
55
41
44
48
45
54
47
50
49
51
42
53
46
176.0504
195.7186
178.2995
194.4022
195.4859
177.0649
210.8471
163.2689
196.837
196.0935
210.4979
180.5249
211.6297
211.3354
195.2528
211.5057
193.9151
209.5568
164.1448
178.4334
162.7052
163.6486
198.1304
177.0748
213.3755
204.195
243.5093
211.1339
226.2466
226.8819
211.2556
194.8779
197.507
201.3166
219.0075
212.8935
211.0265
226.6302
165.7665
196.9966
195.6747
211.0616
210.3576
213.2191
194.0186
209.8211
196.2168
209.7773
194.5421
178.2114
205.0152
197.1163
226.0448
195.5625
210.6638
193.1238
2
2
2
2
2
2
2
2
2
2
2
2
2
2
2
2
2
2
2
2
2
2
2
2
2
2
2
2
2
2
2
2
2
2
2
2
2
2
2
2
2
2
2
2
2
2
2
2
2
2
2
2
2
2
2
2
