4
5
0
3
7
1
6
2
12
13
8
11
15
9
14
10
31
23
26
27
20
29
24
25
30
28
22
17
16
21
18
19
36
37
32
35
39
33
38
34
55
47
50
51
44
53
48
49
54
52
46
41
40
45
42
43
206.1032
259.4757
194.6009
196.978
227.77
206.614
228.6624
225.4707
210.1553
225.4348
241.0263
210.8088
225.5158
194.3683
195.9611
210.2837
197.3699
194.7775
205.0484
226.1688
212.1563
210.2897
195.0375
207.7407
194.3544
226.1692
226.6662
226.6895
211.113
225.9282
237.242
211.1734
192.5553
211.3259
194.7376
228.3476
194.6132
209.5655
226.6318
212.8433
242.2103
225.6852
217.5501
224.8631
210.9818
243.004
274.1531
226.7732
210.9486
204.1867
179.3405
178.1134
175.8659
180.2349
196.7762
225.9535
2
2
2
2
2
2
2
2
2
2
2
2
2
2
2
2
2
2
2
2
2
2
2
2
2
2
2
2
2
2
2
2
2
2
2
2
2
2
2
2
2
2
2
2
2
2
2
2
2
2
2
2
2
2
2
2
