7
3
4
1
2
0
6
5
15
11
12
9
10
8
14
13
22
21
19
30
24
27
18
17
28
31
25
20
23
16
29
26
39
35
36
33
34
32
38
37
46
45
43
54
48
51
42
41
52
55
49
44
47
40
53
50
1515.379
166.26
181.5825
132.9191
132.2854
136.462
132.7607
147.8955
128.7903
151.6652
149.1885
162.5029
196.7611
163.8011
166.446
179.3448
166.0024
165.7887
148.9705
149.1569
195.2848
321.0778
179.5352
165.0708
335.0346
151.3124
140.8579
148.6793
165.1364
149.0246
163.9026
161.9937
180.4727
145.4264
179.7901
179.7778
180.0014
194.8617
167.1105
181.3786
179.5131
194.8076
198.1976
180.082
180.1859
180.9997
194.8862
166.8036
199.7174
177.7172
193.3672
211.7368
193.8835
207.8628
183.8082
225.8204
2
2
2
2
2
2
2
2
2
2
2
2
2
2
2
2
2
2
2
2
2
2
2
2
2
2
2
2
2
2
2
2
2
2
2
2
2
2
2
2
2
2
2
2
2
2
2
2
2
2
2
2
2
2
2
2
