2
4
7
6
1
0
3
5
10
12
15
14
9
8
11
13
20
16
17
22
29
28
25
27
21
23
19
18
24
26
31
30
34
36
39
38
33
32
35
37
44
40
41
46
53
52
49
51
45
47
43
42
48
50
55
54
19.1723
22.3312
37.5439
22.242
38.7967
24.1951
22.6378
36.3125
22.5588
22.2937
37.8386
23.0558
38.0528
22.9306
20.5175
39.4493
24.1169
39.1076
21.2401
23.4935
38.6335
23.4505
22.5845
36.6475
25.7264
36.7597
22.5039
23.648
36.973
23.3094
24.0276
37.2626
41.0983
6.5536
37.1105
23.2798
37.4309
24.2686
23.4113
37.0355
23.1763
38.3846
20.1762
21.3594
37.9619
20.7348
20.5716
36.2773
19.8593
36.3619
20.9481
22.6283
37.3175
21.4052
22.6682
37.6964
2
2
2
2
2
2
2
2
2
2
2
2
2
2
2
2
2
2
2
2
2
2
2
2
2
2
2
2
2
2
2
2
2
2
2
2
2
2
2
2
2
2
2
2
2
2
2
2
2
2
2
2
2
2
2
2
