4
0
5
3
1
6
2
7
12
8
13
11
9
14
10
15
17
16
26
18
28
30
20
19
31
29
27
21
24
23
25
22
36
32
37
35
33
38
34
39
41
40
50
42
52
54
44
43
55
53
51
45
48
47
49
46
13.786
39.9767
21.982
39.565
22.012
22.6102
39.5773
23.4963
23.0072
37.295
23.1229
39.1479
21.7387
23.4157
38.2345
23.2932
22.7303
39.0965
21.8927
39.3644
22.2317
19.1719
40.6009
23.603
38.1278
23.3667
22.0156
38.4632
23.8748
23.868
29.8422
22.9373
37.9915
22.8326
24.3832
39.1253
22.1013
22.7911
39.2944
23.5081
36.4243
23.5279
29.5206
33.346
21.2342
22.4719
39.0732
22.0026
37.7885
24.0905
23.5496
38.1855
23.0799
39.2411
23.9328
30.3091
2
2
2
2
2
2
2
2
2
2
2
2
2
2
2
2
2
2
2
2
2
2
2
2
2
2
2
2
2
2
2
2
2
2
2
2
2
2
2
2
2
2
2
2
2
2
2
2
2
2
2
2
2
2
2
2
