5
1
6
7
4
3
2
0
13
9
14
15
12
11
10
8
28
22
29
20
25
27
21
19
23
16
26
30
24
17
31
18
37
33
38
39
36
35
34
32
52
46
53
44
49
51
45
43
47
40
50
54
48
41
55
42
33.3286
22.9653
36.7672
25.4412
22.8444
24.3101
34.6228
22.2822
42.1768
16.8944
23.727
33.835
21.5004
44.7368
19.262
25.2673
34.3146
21.1828
41.4894
17.2495
28.9829
32.9541
20.446
39.1411
23.9502
19.1798
39.1565
23.3394
22.8883
39.3011
24.1268
34.1234
23.3224
19.0969
38.6809
21.8528
23.2466
36.7755
23.917
37.9713
27.3161
18.2032
37.4139
22.0717
23.194
42.0954
15.6863
39.761
24.4401
20.7486
42.5624
17.1646
27.5168
33.1927
22.2617
41.922
1
1
1
1
1
1
1
1
1
1
1
1
1
1
1
1
1
1
1
1
1
1
1
1
1
1
1
1
1
1
1
1
1
1
1
1
1
1
1
1
1
1
1
1
1
1
1
1
1
1
1
1
1
1
1
1
