5
6
7
1
3
0
2
4
13
14
15
9
11
8
10
12
25
27
20
26
23
21
16
30
29
28
18
17
24
31
19
22
37
38
39
33
35
32
34
36
49
51
44
50
47
45
40
54
53
52
42
41
48
55
43
46
37.3637
20.4065
25.4941
34.7551
23.823
24.0592
38.8132
25.8433
16.3464
37.4281
26.4549
35.9703
27.8771
34.5363
23.8886
22.5888
40.6127
23.8155
20.6297
28.0897
34.5371
38.9175
26.8037
19.3979
38.7575
21.9543
24.4262
43.5307
15.8506
26.1428
35.8902
22.0946
41.3345
20.6909
26.9578
31.5058
25.3171
44.0711
15.4714
30.0796
30.042
23.2671
25.0228
39.185
26.048
35.5954
22.9005
21.4218
38.703
27.787
18.2372
37.6577
22.9756
40.6842
26.6836
16.777
1
1
1
1
1
1
1
1
1
1
1
1
1
1
1
1
1
1
1
1
1
1
1
1
1
1
1
1
1
1
1
1
1
1
1
1
1
1
1
1
1
1
1
1
1
1
1
1
1
1
1
1
1
1
1
1
