3
1
7
6
0
2
5
4
11
9
15
14
8
10
13
12
20
22
16
28
21
27
23
17
24
18
30
26
29
31
19
25
35
33
39
38
32
34
37
36
44
46
40
52
45
51
47
41
48
42
54
50
53
55
43
49
15.0775
35.4295
22.076
23.5571
27.6906
30.49
36.7672
25.3724
15.6638
26.093
32.5558
36.3026
28.8284
16.1647
35.3485
21.3744
23.1395
38.5651
20.3729
26.129
35.1372
20.7071
38.7133
21.8516
24.832
31.7953
21.8287
22.1365
35.1008
21.9168
36.1248
21.9836
42.0108
17.6276
25.9516
30.0511
21.0564
23.2253
39.2786
26.6208
32.4081
19.5674
21.7465
38.1088
29.7663
11.4726
28.0774
31.906
36.8944
26.1574
15.4204
38.155
20.9773
22.0349
42.5754
14.0906
1
1
1
1
1
1
1
1
1
1
1
1
1
1
1
1
1
1
1
1
1
1
1
1
1
1
1
1
1
1
1
1
1
1
1
1
1
1
1
1
1
1
1
1
1
1
1
1
1
1
1
1
1
1
1
1
