6
3
5
0
4
1
2
7
14
11
13
8
12
9
10
15
25
28
24
29
23
18
26
20
22
16
30
17
27
19
21
31
38
35
37
32
36
33
34
39
49
52
48
53
47
42
50
44
46
40
54
41
51
43
45
55
1155.141
513.3712
35.4196
24.8426
42.379
22.0306
28.013
34.7508
20.7767
45.1627
16.0873
29.6296
30.9843
21.9393
45.7722
17.8643
27.9557
34.0543
23.9174
24.2402
37.0528
27.0036
33.7683
24.5764
23.0218
40.9134
22.0902
38.3415
24.1979
24.2686
34.7698
30.9704
18.7251
38.8144
21.5782
40.9912
26.5181
16.817
29.4009
37.0362
21.5672
40.8707
19.6515
27.9956
33.1638
24.1185
38.0421
19.435
27.4919
35.0234
23.514
44.6973
17.2456
26.8492
35.5038
24.8272
1
1
1
1
1
1
1
1
1
1
1
1
1
1
1
1
1
1
1
1
1
1
1
1
1
1
1
1
1
1
1
1
1
1
1
1
1
1
1
1
1
1
1
1
1
1
1
1
1
1
1
1
1
1
1
1
