3
2
1
6
7
4
0
5
11
10
9
14
15
12
8
13
27
21
20
29
31
18
23
17
24
26
25
19
16
30
28
22
35
34
33
38
39
36
32
37
51
45
44
53
55
42
47
41
48
50
49
43
40
54
52
46
9.9915
24.8667
35.3604
20.657
44.1537
18.1862
21.9101
36.7372
20.4792
20.6178
38.2028
22.9538
34.9847
19.5354
23.2679
39.5903
26.8385
15.855
35.7523
21.3013
39.9285
26.0693
18.7271
27.5915
29.835
25.0212
33.7809
24.1781
26.0582
32.2828
22.5805
40.3283
18.9941
28.4954
29.7995
19.3473
40.2986
19.6788
23.9403
33.8528
23.4572
42.6015
17.9215
23.9336
31.8755
19.4244
24.1505
36.4993
26.2111
35.9763
21.0536
21.0974
37.9141
25.7683
35.375
22.0705
1
1
1
1
1
1
1
1
1
1
1
1
1
1
1
1
1
1
1
1
1
1
1
1
1
1
1
1
1
1
1
1
1
1
1
1
1
1
1
1
1
1
1
1
1
1
1
1
1
1
1
1
1
1
1
1
