6
4
3
1
0
7
2
5
14
12
11
9
8
15
10
13
31
17
19
18
30
21
28
22
24
20
16
27
25
23
26
29
38
36
35
33
32
39
34
37
55
41
43
42
54
45
52
46
48
44
40
51
49
47
50
53
20.6013
31.2964
21.664
39.0759
19.8886
27.7021
29.5956
21.1559
41.549
16.8821
27.661
31.6721
19.6606
41.5786
17.1859
25.7864
30.6979
22.46
20.8944
34.5837
26.7532
31.4714
21.946
22.0389
37.5838
24.9564
17.3064
26.1862
29.568
38.0654
24.9232
17.502
35.8222
22.394
37.4941
21.5083
21.6786
27.3398
29.4226
20.0407
41.8825
19.4801
25.7505
29.7288
20.6135
41.5514
13.6758
27.6282
30.6054
22.1238
41.9449
17.8587
25.2654
30.5414
23.0613
21.466
1
1
1
1
1
1
1
1
1
1
1
1
1
1
1
1
1
1
1
1
1
1
1
1
1
1
1
1
1
1
1
1
1
1
1
1
1
1
1
1
1
1
1
1
1
1
1
1
1
1
1
1
1
1
1
1
