2
5
1
7
4
3
6
0
10
13
9
15
12
11
14
8
21
16
22
26
23
30
24
28
31
19
20
18
27
25
29
17
34
37
33
39
36
35
38
32
45
40
46
50
47
54
48
52
55
43
44
42
51
49
53
41
1473.283
526.5039
22.6769
41.3902
23.7455
24.7075
40.4077
24.0284
23.2632
37.8034
26.17
37.7232
24.8403
22.9934
40.7715
21.2341
38.1586
23.7357
20.177
39.9056
22.2894
26.27
37.8501
24.1141
38.5272
25.1686
23.8427
39.1858
20.6842
24.4357
39.7329
19.226
38.6876
24.3697
23.9055
39.7985
24.1315
23.7483
35.2584
24.8742
36.6716
24.2943
22.3083
41.1555
23.6863
21.0544
40.0106
24.73
37.2274
22.1594
23.855
38.8993
23.151
41.0967
22.4628
25.8666
1
1
1
1
1
1
1
1
1
1
1
1
1
1
1
1
1
1
1
1
1
1
1
1
1
1
1
1
1
1
1
1
1
1
1
1
1
1
1
1
1
1
1
1
1
1
1
1
1
1
1
1
1
1
1
1
