1
4
5
3
0
2
7
6
9
12
13
11
8
10
15
14
25
17
21
18
29
30
26
31
19
27
28
20
22
24
16
23
33
36
37
35
32
34
39
38
49
41
45
42
53
54
50
55
43
51
52
44
46
48
40
47
15.0431
39.5662
20.9453
22.0164
38.4502
21.7687
22.993
38.5533
22.3743
37.9065
20.3678
22.4513
39.5461
18.106
23.6598
37.0102
22.8705
38.4964
21.4463
22.5173
36.6732
20.6404
38.1752
22.3767
19.8218
37.7153
23.2655
21.615
38.7915
18.4703
37.4329
22.8863
19.5745
38.2321
22.4711
21.1982
36.5629
21.8828
37.521
22.9617
18.3127
36.5997
24.1177
37.617
22.0033
21.0552
36.4294
21.0508
22.016
38.2341
23.488
34.5659
22.4075
23.8396
36.4033
22.6722
1
1
1
1
1
1
1
1
1
1
1
1
1
1
1
1
1
1
1
1
1
1
1
1
1
1
1
1
1
1
1
1
1
1
1
1
1
1
1
1
1
1
1
1
1
1
1
1
1
1
1
1
1
1
1
1
