1
4
3
5
2
7
6
0
9
12
11
13
10
15
14
8
30
18
31
26
21
25
27
29
20
17
24
22
23
28
19
16
33
36
35
37
34
39
38
32
54
42
55
50
45
49
51
53
44
41
48
46
47
52
43
40
18.8262
40.3615
23.9581
19.1344
38.8476
23.1261
38.2017
22.7322
22.2131
36.2232
23.2059
21.5099
38.0993
22.0705
39.217
21.0125
23.947
37.1761
22.7986
21.8259
37.4333
23.8735
39.3446
22.8006
22.2092
36.555
22.8831
37.0959
24.049
21.7402
38.4648
22.347
21.6162
37.4783
23.8321
39.0024
22.0156
22.5465
36.1872
22.5457
22.2415
38.763
20.8403
39.0072
21.5067
23.7112
37.8738
19.9115
25.5067
36.2346
23.8771
38.2147
21.1417
24.9793
23.1557
38.0369
1
1
1
1
1
1
1
1
1
1
1
1
1
1
1
1
1
1
1
1
1
1
1
1
1
1
1
1
1
1
1
1
1
1
1
1
1
1
1
1
1
1
1
1
1
1
1
1
1
1
1
1
1
1
1
1
