0
5
1
2
3
7
4
6
8
13
9
10
11
15
12
14
19
21
26
23
24
18
28
16
17
30
20
22
25
29
31
27
32
37
33
34
35
39
36
38
43
45
50
47
48
42
52
40
41
54
44
46
49
53
55
51
33.1152
25.1287
23.0293
38.6264
23.1585
39.4979
23.7376
22.9973
37.1417
24.6376
24.4507
34.701
23.887
40.7901
24.0798
21.4009
39.2355
24.0075
39.4998
22.236
24.8869
39.8811
23.0044
22.2593
41.0346
22.2348
40.1572
23.5366
23.0143
38.2483
22.0302
22.7753
39.9419
21.0864
38.9132
23.3975
24.9457
36.9134
23.6215
22.5177
39.9763
24.0478
38.5548
23.4848
22.9922
31.6784
23.953
23.7582
41.2223
19.627
38.251
24.113
22.3134
38.993
23.8431
37.003
1
1
1
1
1
1
1
1
1
1
1
1
1
1
1
1
1
1
1
1
1
1
1
1
1
1
1
1
1
1
1
1
1
1
1
1
1
1
1
1
1
1
1
1
1
1
1
1
1
1
1
1
1
1
1
1
