1
2
7
6
5
4
0
3
9
10
15
14
13
12
8
11
17
25
21
31
27
22
16
24
29
23
28
20
30
18
19
26
33
34
39
38
37
36
32
35
41
49
45
55
51
46
40
48
53
47
52
44
54
42
43
50
11.9367
37.7236
21.9065
36.4847
24.3081
21.6399
37.5901
19.8893
20.9165
35.7807
21.8449
36.7427
21.8955
21.5123
38.1752
20.8964
21.1073
34.1768
21.6699
36.9612
22.667
20.4409
37.6509
21.5186
36.9375
21.6367
23.6306
52.9473
21.1069
4.489
39.2458
20.122
38.6074
21.2223
20.796
38.4806
21.9109
20.2066
38.1535
21.5312
34.5232
21.1587
21.0291
36.5669
37.4439
19.71
22.2629
21.8465
37.2855
19.9352
21.227
35.4489
22.1053
37.2855
23.441
20.6415
1
1
1
1
1
1
1
1
1
1
1
1
1
1
1
1
1
1
1
1
1
1
1
1
1
1
1
1
1
1
1
1
1
1
1
1
1
1
1
1
1
1
1
1
1
1
1
1
1
1
1
1
1
1
1
1
