2
4
0
5
7
6
1
3
10
12
8
13
15
14
9
11
25
26
23
18
27
16
31
21
17
22
19
24
29
20
28
30
34
36
32
37
39
38
33
35
49
50
47
42
51
40
55
45
41
46
43
48
53
44
52
54
16.6202
22.9949
39.1948
24.5621
21.1923
39.5804
21.9306
38.381
21.617
24.3152
36.9047
20.5487
22.0132
40.1019
22.1795
38.7176
23.1142
25.2448
37.632
23.8953
22.605
36.8766
23.2865
39.5382
23.3122
22.5027
36.7044
23.3205
22.1807
40.7739
21.5597
39.2956
33.2914
23.3924
21.5806
24.8916
39.5733
19.7894
22.8701
38.4174
22.4454
37.3831
21.743
21.4344
38.3944
24.096
23.5227
37.3416
20.0885
40.5483
23.3955
21.425
37.8346
23.4971
36.0027
23.0937
1
1
1
1
1
1
1
1
1
1
1
1
1
1
1
1
1
1
1
1
1
1
1
1
1
1
1
1
1
1
1
1
1
1
1
1
1
1
1
1
1
1
1
1
1
1
1
1
1
1
1
1
1
1
1
1
