4
3
1
2
7
5
0
6
12
11
9
10
15
13
8
14
20
31
26
27
19
25
16
22
30
23
21
24
18
28
17
29
36
35
33
34
39
37
32
38
44
55
50
51
43
49
40
46
54
47
45
48
42
52
41
53
1372.893
523.1436
23.8684
38.251
24.6111
39.9782
24.7004
24.3543
39.2165
23.9612
25.1685
38.8044
24.826
40.299
23.2371
22.9969
38.9581
23.9339
41.289
23.4583
24.6407
41.2424
21.4135
23.0138
39.3982
30.8578
24.6063
22.5429
40.2812
21.4557
39.8695
21.1895
23.0494
37.9673
23.7601
54.1324
508.6121
39.3722
23.7396
39.5954
17.6663
24.5099
39.3247
24.7363
21.9673
39.2963
23.6847
39.7735
22.9929
23.4757
40.5467
24.8671
21.9733
39.9999
20.7924
40.3645
2
2
2
2
2
2
2
2
2
2
2
2
2
2
2
2
2
2
2
2
2
2
2
2
2
2
2
2
2
2
2
2
2
2
2
1
1
1
1
1
1
1
1
1
1
1
1
1
1
1
1
1
1
1
1
1
