2
4
3
6
0
1
5
7
10
12
11
14
8
9
13
15
21
28
25
22
24
26
27
31
20
23
17
18
29
16
19
30
34
36
35
38
32
33
37
39
45
52
49
46
48
50
51
55
44
47
41
42
53
40
43
54
33.9855
22.4762
22.4347
38.8143
22.2
37.9357
23.5128
24.8402
29.7169
23.4472
37.4889
23.6424
38.7503
18.7559
20.5218
36.0801
21.4391
37.0535
22.8428
20.5728
38.3916
225.1023
515.2278
40.3918
21.9958
38.6022
23.6159
21.1116
37.2503
22.4177
23.9758
38.5844
21.3921
37.3534
21.5699
23.1699
38.1502
22.9629
23.4915
36.2468
22.9431
38.0096
23.0699
22.4023
37.319
24.2895
21.4419
37.752
23.3232
38.4769
23.2031
21.9954
38.6911
23.433
37.9077
21.1456
1
1
1
1
1
1
1
1
1
1
1
1
1
1
1
1
1
1
1
1
1
2
2
2
2
2
2
2
2
2
2
2
2
2
2
2
2
2
2
2
2
2
2
2
2
2
2
2
2
2
2
2
2
2
2
2
