4
5
2
0
6
7
3
1
12
13
10
8
14
15
11
9
28
24
30
16
31
22
19
27
20
21
25
18
23
29
26
17
36
37
34
32
38
39
35
33
52
48
54
40
55
46
43
51
44
45
49
42
47
53
50
41
16.5064
38.0807
23.5306
23.111
38.7404
20.6293
38.5646
23.0138
22.6243
39.26
19.9877
22.5947
37.5485
22.6698
37.9717
21.4253
22.2233
38.2739
22.9546
22.0819
37.7271
21.1417
38.1091
23.8391
21.1582
37.5272
20.4768
37.6283
24.6063
21.2215
38.4453
22.4268
21.2531
36.9117
19.6941
36.3116
20.5131
20.0556
35.4911
21.4269
20.8592
35.339
23.8328
34.4406
22.7274
22.0254
37.5537
21.5731
20.9129
37.8322
22.4643
37.7271
22.285
21.9385
35.4046
22.6168
2
2
2
2
2
2
2
2
2
2
2
2
2
2
2
2
2
2
2
2
2
2
2
2
2
2
2
2
2
2
2
2
2
2
2
2
2
2
2
2
2
2
2
2
2
2
2
2
2
2
2
2
2
2
2
2
