0
6
5
4
2
1
7
3
8
14
13
12
10
9
15
11
22
28
29
24
18
19
20
25
31
23
17
26
30
16
21
27
32
38
37
36
34
33
39
35
46
52
53
48
42
43
44
49
55
47
41
50
54
40
45
51
20.2433
22.7851
39.7637
21.6217
24.2705
36.9848
23.0715
40.1579
23.2284
23.4622
38.0511
21.974
39.83
23.2461
24.822
37.4119
22.7918
24.8074
37.0409
23.3011
38.5058
23.2406
22.6994
36.8398
22.1684
20.1568
36.5656
22.9127
37.5284
22.4888
21.8042
36.6842
24.3294
38.6113
24.3618
22.5876
38.0586
22.6117
23.9952
39.3844
22.6607
40.3191
22.6097
22.9483
38.7235
22.7701
23.7937
37.0658
23.4899
25.8113
28.1911
38.2063
23.6013
37.4573
23.2134
21.8777
1
1
1
1
1
1
1
1
1
1
1
1
1
1
1
1
1
1
1
1
1
1
1
1
1
1
1
1
1
1
1
1
1
1
1
1
1
1
1
1
1
1
1
1
1
1
1
1
1
1
1
1
1
1
1
1
