0
7
4
3
1
2
5
6
8
15
12
11
9
10
13
14
28
16
30
24
22
27
23
29
19
20
25
26
21
31
18
17
32
39
36
35
33
34
37
38
52
40
54
48
46
51
47
53
43
44
49
50
45
55
42
41
17.7271
20.4772
37.7378
22.0013
37.2167
21.7789
23.2505
35.0162
19.7048
20.0616
35.9493
21.5438
35.5037
22.5137
23.271
36.9003
21.4028
36.7632
21.8496
20.7624
37.9997
21.0567
21.865
35.5626
21.5509
37.3242
22.5003
21.4865
39.3741
19.6744
20.604
37.0693
21.1764
37.9361
20.1094
23.7649
35.2848
20.8161
21.9057
36.2772
21.5047
38.0491
21.6916
21.1685
36.9804
18.8519
35.2722
17.2171
20.0047
34.4908
17.6884
15.7506
34.6445
20.348
35.8198
21.1345
1
1
1
1
1
1
1
1
1
1
1
1
1
1
1
1
1
1
1
1
1
1
1
1
1
1
1
1
1
1
1
1
1
1
1
1
1
1
1
1
1
1
1
1
1
1
1
1
1
1
1
1
1
1
1
1
