6
7
0
3
5
1
4
2
14
15
8
11
13
9
12
10
21
17
29
25
19
20
28
27
23
18
30
26
16
22
24
31
38
39
32
35
37
33
36
34
45
41
53
49
43
44
52
51
47
42
54
50
40
46
48
55
31.4982
22.4236
21.3147
35.7277
22.633
30.7476
21.1606
36.5384
21.3728
19.578
36.3428
22.6773
36.444
22.4138
20.2476
36.7422
22.55
21.0326
38.4161
21.9045
36.0149
21.3479
21.7406
37.0279
20.0714
20.5167
34.6433
20.9868
36.0189
20.2121
21.0883
34.3964
21.5979
20.9216
37.259
22.5141
35.8909
21.8512
22.3288
194.1461
511.0413
21.1152
37.8496
23.627
21.7133
36.1125
20.6636
37.3419
22.0452
21.2945
37.6912
23.3572
34.1218
22.5299
22.8507
35.9462
2
2
2
2
2
2
2
2
2
2
2
2
2
2
2
2
2
2
2
2
2
2
2
2
2
2
2
2
2
2
2
2
2
2
2
2
2
2
2
1
1
1
1
1
1
1
1
1
1
1
1
1
1
1
1
1
