4
2
1
7
3
0
6
5
12
10
9
15
11
8
14
13
18
20
27
29
21
19
22
24
28
25
23
31
16
30
26
17
36
34
33
39
35
32
38
37
42
44
51
53
45
43
46
48
52
49
47
55
40
54
50
41
15.6946
36.7304
19.8494
38.1503
20.2473
20.7209
35.994
22.7942
20.975
37.0682
22.0578
37.7252
19.8277
20.3808
36.4298
21.0757
22.6686
35.8415
21.5198
37.5253
20.427
20.5823
35.977
20.9497
20.9892
35.1964
20.7545
37.0074
27.0858
20.6692
23.5207
37.1429
22.5667
39.9336
21.8085
23.0597
37.8188
22.3577
21.8864
37.376
22.0622
34.7966
19.4267
20.5756
36.8233
22.0958
22.2253
38.6374
21.4348
37.0228
1639.096
507.0613
38.2834
24.2611
21.3191
38.848
1
1
1
1
1
1
1
1
1
1
1
1
1
1
1
1
1
1
1
1
1
1
1
1
1
1
1
1
1
1
1
1
1
1
1
1
1
1
1
1
1
1
1
1
1
1
1
1
1
1
2
2
2
2
2
2
