1
2
4
7
6
0
3
5
9
10
12
15
14
8
11
13
30
21
22
23
20
18
29
28
31
27
19
17
25
16
24
26
33
34
36
39
38
32
35
37
54
45
46
47
44
42
53
52
55
51
43
41
49
40
48
50
2701.427
864.1904
1232.445
551.6815
586.7531
712.3132
773.165
631.4836
1921.23
929.3787
571.9766
256.7071
224.8367
363.6393
197.2645
210.6062
7494.383
281.4747
201.2057
231.2075
180.1453
261.784
241.2768
223.9032
278.7646
204.2903
209.7015
208.2642
192.8509
162.3545
191.5113
177.4605
150.8993
161.7011
164.3168
148.6937
192.3223
189.8864
175.8688
191.6156
177.5391
187.9545
255.8012
243.7364
251.8407
274.0902
272.4262
255.9747
214.3399
247.1051
207.9257
206.6089
209.9041
180.9102
189.6363
208.8489
1
1
2
2
2
1
1
2
1
1
1
1
1
1
1
1
2
1
2
1
2
2
2
1
1
1
1
1
1
2
2
2
2
2
2
2
2
2
2
2
2
1
1
1
1
1
1
1
1
1
1
1
1
1
2
2
