4
6
3
7
2
5
0
1
12
14
11
15
10
13
8
9
17
20
23
28
22
19
21
31
25
29
30
26
18
24
27
16
36
38
35
39
34
37
32
33
41
44
47
52
46
43
45
55
49
53
54
50
42
48
51
40
219.9166
241.5644
272.3713
209.2875
209.0188
222.3419
242.4612
239.8206
271.1541
256.3958
271.4374
239.7842
225.5762
240.7478
348.429
192.9844
178.3241
196.3361
191.915
209.7177
202.6014
209.4846
209.097
178.0724
179.2592
177.3499
194.3103
164.1607
192.5633
179.0317
193.4881
210.155
204.2753
248.427
208.0636
255.1336
224.3172
241.419
207.6717
255.4153
215.2343
224.4017
240.6988
227.1648
239.8842
226.872
207.4492
286.1491
244.7261
221.0421
224.6747
194.5971
208.1576
211.6262
224.4555
224.6968
1
1
1
1
1
1
1
1
1
1
1
1
1
1
2
2
2
2
2
2
2
2
2
2
2
2
2
2
2
2
2
2
2
2
2
2
2
2
2
2
2
2
2
2
2
2
1
1
1
1
1
1
1
1
1
1
