3
1
0
4
5
2
6
7
11
9
8
12
13
10
14
15
16
31
28
19
29
30
25
20
24
17
22
27
18
26
23
21
35
33
32
36
37
34
38
39
40
55
52
43
53
54
49
44
48
41
46
51
42
50
47
45
202.3213
226.6856
207.6258
209.6699
222.9645
209.7011
207.9462
198.3075
161.6821
161.3574
238.1586
163.0289
517.3811
22.3328
36.3413
20.2785
19.5227
36.6222
22.2159
37.5075
21.3463
18.6188
37.5099
24.0276
20.9035
37.1172
20.6218
37.3839
17.6292
20.9588
37.1646
21.7228
18.5896
37.9745
21.9595
37.7761
21.5612
21.4028
37.6197
21.8516
38.4189
22.0215
21.752
37.4771
22.3162
21.0101
37.3191
240.6372
513.5383
38.0879
20.9307
36.64
21.6944
22.0065
35.9952
22.4691
1
1
1
1
1
1
1
1
1
2
2
2
2
2
2
2
2
2
2
2
2
2
2
2
2
2
2
2
2
2
2
2
2
2
2
2
2
2
2
2
2
2
2
2
2
2
2
1
1
1
1
1
1
1
1
1
