6
2
3
7
4
0
1
5
14
10
11
15
12
8
9
13
20
19
23
18
17
28
31
22
30
25
26
27
29
16
21
24
38
34
35
39
36
32
33
37
44
43
47
42
41
52
55
46
54
49
50
51
53
40
45
48
204.9374
193.6916
211.9834
193.581
195.2331
194.1945
226.3107
242.3182
192.1939
232.3381
211.3035
239.7191
224.8276
226.7745
194.6931
210.8641
210.4533
194.3766
225.8765
241.3171
244.1473
249.5111
162.6283
210.9673
271.2138
256.8817
226.0175
241.754
241.7287
240.8229
248.9947
223.4528
224.0146
209.7232
194.4391
192.9805
249.295
215.1889
208.9991
193.976
256.4389
209.963
226.7109
224.9908
241.5178
257.3206
226.2115
241.2013
208.0999
178.6287
224.73
178.2605
193.8267
257.6015
272.478
269.3317
2
2
2
2
2
2
2
2
2
2
2
2
2
2
2
2
2
2
2
2
2
2
2
1
1
1
1
1
1
1
1
1
1
1
1
1
2
2
2
2
2
2
2
2
2
2
2
2
2
2
2
2
2
2
1
1
