0
3
2
1
6
4
7
5
8
11
10
9
14
12
15
13
29
20
21
30
16
28
19
27
24
23
31
26
25
18
22
17
32
35
34
33
38
36
39
37
53
44
45
54
40
52
43
51
48
47
55
50
49
42
46
41
19.2205
20.6569
37.406
22.1313
38.4007
24.0122
22.2309
37.1658
22.2281
21.376
39.3524
20.8007
38.6469
22.7709
20.154
38.0167
24.1256
37.9109
22.076
22.1684
38.8748
22.8638
22.072
36.7541
22.3209
38.4549
21.9591
22.4323
36.9121
22.8697
22.7804
37.0251
22.797
37.9737
22.1353
22.2881
36.7423
23.8791
21.2602
27.2786
39.3303
22.3427
36.3188
20.9785
23.9683
35.8637
23.3315
35.7281
22.8942
23.6507
37.1678
19.4461
21.4644
34.9961
21.6039
37.2942
2
2
2
2
2
2
2
2
2
2
2
2
2
2
2
2
2
2
2
2
2
2
2
2
2
2
2
2
2
2
2
2
2
2
2
2
2
2
2
2
2
2
2
2
2
2
2
2
2
2
2
2
2
2
2
2
