5
3
2
1
6
0
4
7
13
11
10
9
14
8
12
15
22
20
23
28
29
19
18
16
30
24
26
21
27
17
25
31
37
35
34
33
38
32
36
39
46
44
47
52
53
43
42
40
54
48
50
45
51
41
49
55
1781.499
523.1746
21.0769
23.5014
34.2083
24.2401
22.1111
39.0115
21.5391
36.9153
23.2236
23.4038
38.1862
23.6467
24.1848
35.8814
20.2133
37.5486
22.6176
23.3753
38.9372
22.0104
35.1987
22.9566
23.0644
38.7906
23.0763
22.8163
37.1598
22.6156
38.5469
22.985
21.5774
37.2787
21.9906
21.8626
37.9871
21.5237
39.7392
22.8519
21.9579
37.9369
23.1075
21.2369
36.2611
22.7511
40.1263
21.7117
21.5877
36.3721
24.5558
34.6559
23.0925
23.209
32.139
22.6615
1
1
1
1
1
1
1
1
1
1
1
1
1
1
1
1
1
1
1
1
1
1
1
1
1
1
1
1
1
1
1
1
1
1
1
1
1
1
1
1
1
1
1
1
1
1
1
1
1
1
1
1
1
1
1
1
