1
4
7
5
0
3
2
6
9
12
15
13
8
11
10
14
19
25
22
17
18
16
23
21
24
27
26
29
20
28
31
30
33
36
39
37
32
35
34
38
43
49
46
41
42
40
47
45
48
51
50
53
44
52
55
54
13.9239
34.9372
21.7216
37.2696
19.9944
19.2975
36.2848
25.1357
19.196
30.7405
17.0046
35.4808
20.3666
36.7865
21.3309
19.9873
37.8879
21.5802
20.5783
36.2381
23.1707
33.5106
22.1973
22.554
35.8976
21.1357
20.2587
35.8842
21.6019
37.8942
21.0145
20.5657
35.5792
18.8179
21.8678
38.4137
21.5395
21.1563
36.2109
20.8442
35.1604
21.8986
20.1884
34.012
20.4171
35.9146
21.4403
20.3895
36.2251
20.9828
19.6867
36.026
21.6169
35.3007
20.3014
21.0686
2
2
2
2
2
2
2
2
2
2
2
2
2
2
2
2
2
2
2
2
2
2
2
2
2
2
2
2
2
2
2
2
2
2
2
2
2
2
2
2
2
2
2
2
2
2
2
2
2
2
2
2
2
2
2
2
