0
6
7
2
4
3
1
5
8
14
15
10
12
11
9
13
25
28
27
24
19
21
20
17
26
31
23
18
30
29
16
22
32
38
39
34
36
35
33
37
49
52
51
48
43
45
44
41
50
55
47
42
54
53
40
46
16.9493
36.6905
20.5036
37.417
22.5339
22.8874
38.4295
22.5813
21.1413
36.107
20.2243
37.8117
22.1459
22.0764
37.1871
23.149
38.6658
22.3071
22.3012
38.2451
21.9733
21.9843
37.8334
22.0404
37.9736
176.4225
522.9111
21.4909
37.2657
22.0677
21.2471
37.0077
21.8729
35.4852
21.9353
19.401
37.735
19.7668
22.1242
38.2036
21.3175
38.3877
23.0735
32.0307
22.0136
22.5868
38.2004
20.5736
38.1724
21.3107
22.3632
38.7136
21.577
23.1565
36.7553
22.1206
1
1
1
1
1
1
1
1
1
1
1
1
1
1
1
1
1
1
1
1
1
1
1
1
1
2
2
2
2
2
2
2
2
2
2
2
2
2
2
2
2
2
2
2
2
2
2
2
2
2
2
2
2
2
2
2
