1
2
6
5
0
3
7
4
9
10
14
13
8
11
15
12
30
21
31
29
16
22
20
17
27
23
24
28
25
18
19
26
33
34
38
37
32
35
39
36
54
45
55
53
40
46
44
41
51
47
48
52
49
42
43
50
31.3639
19.1
21.3048
37.7552
22.9222
22.1866
36.8849
19.4275
37.5217
21.7852
21.8085
36.9386
22.2265
19.9107
36.6964
22.6457
37.7378
20.4641
21.0358
37.5177
22.1499
38.0791
22.0949
22.0132
38.0736
21.2807
23.934
35.5183
20.4388
38.8736
22.3083
22.2929
36.0051
19.9035
20.7186
36.2626
22.7772
24.4068
35.1928
22.1838
39.9983
11.5535
22.6781
37.2471
22.0582
36.2235
22.2889
22.8302
37.7591
19.768
22.119
36.6091
21.613
36.3946
22.8151
21.1642
2
2
2
2
2
2
2
2
2
2
2
2
2
2
2
2
2
2
2
2
2
2
2
2
2
2
2
2
2
2
2
2
2
2
2
2
2
2
2
2
2
2
2
2
2
2
2
2
2
2
2
2
2
2
2
2
