7
2
0
6
1
5
4
3
15
10
8
14
9
13
12
11
27
24
20
17
29
16
18
25
28
23
31
30
19
21
22
26
39
34
32
38
33
37
36
35
51
48
44
41
53
40
42
49
52
47
55
54
43
45
46
50
31.1122
21.3744
22.2194
35.9462
19.9699
37.1124
20.1947
23.8443
35.4816
21.8883
35.6819
19.4836
21.1061
36.5897
19.4508
20.5266
36.7628
21.5446
35.3623
19.5452
22.7385
36.7861
20.696
20.3191
36.7079
19.3453
36.2109
21.5624
20.7284
36.9666
21.1602
20.7794
36.7841
19.0139
38.8566
19.4702
19.5259
35.7961
21.3396
36.3156
21.6153
20.299
39.4425
20.0067
20.6921
36.4827
20.984
35.2501
19.8344
19.1533
35.4927
20.9568
15.834
36.4633
20.7758
36.1761
2
2
2
2
2
2
2
2
2
2
2
2
2
2
2
2
2
2
2
2
2
2
2
2
2
2
2
2
2
2
2
2
2
2
2
2
2
2
2
2
2
2
2
2
2
2
2
2
2
2
2
2
2
2
2
2
