7
2
1
6
0
4
3
5
15
10
9
14
8
12
11
13
21
23
31
24
16
19
30
27
18
22
29
20
25
26
28
17
39
34
33
38
32
36
35
37
45
47
55
48
40
43
54
51
42
46
53
44
49
50
52
41
30.0736
22.3419
36.7517
22.5785
20.6664
35.6677
21.4391
22.3822
37.065
24.5566
22.0159
28.5945
35.0988
21.4154
20.8908
37.1361
20.1113
20.8438
36.2425
21.9274
37.3447
21.4846
21.4881
36.3792
21.2246
21.1425
35.7293
20.487
38.0444
20.858
21.0224
36.8386
21.6481
21.5004
34.413
21.1081
24.7344
37.6224
28.5984
21.1306
21.182
37.0085
19.8253
37.5817
18.3189
20.7087
36.9579
21.2203
20.7308
36.6265
22.1858
38.9732
19.4405
21.3736
35.9154
22.0108
2
2
2
2
2
2
2
2
2
2
2
2
2
2
2
2
2
2
2
2
2
2
2
2
2
2
2
2
2
2
2
2
2
2
2
2
2
2
2
2
2
2
2
2
2
2
2
2
2
2
2
2
2
2
2
2
