4
3
0
7
1
5
6
2
12
11
8
15
9
13
14
10
25
29
30
28
23
27
24
21
22
20
18
19
31
17
26
16
36
35
32
39
33
37
38
34
49
53
54
52
47
51
48
45
46
44
42
43
55
41
50
40
14.2206
38.1893
21.8287
23.6487
38.7519
19.5373
36.8568
24.6008
20.4847
37.0729
21.7129
23.1742
38.2759
22.4355
37.2649
22.4892
19.6088
38.4955
21.6675
39.4678
21.0844
20.2808
37.434
23.6649
23.4634
37.9685
22.3529
35.8407
23.4915
20.3981
37.0895
23.1
22.4074
37.3893
22.0211
37.2282
22.2632
22.6152
36.8058
22.6378
23.034
38.0941
20.9485
35.8632
23.2556
22.3537
37.4091
22.6788
23.1415
34.7555
23.047
38.5939
25.1258
19.1379
36.3981
22.5655
2
2
2
2
2
2
2
2
2
2
2
2
2
2
2
2
2
2
2
2
2
2
2
2
2
2
2
2
2
2
2
2
2
2
2
2
2
2
2
2
2
2
2
2
2
2
2
2
2
2
2
2
2
2
2
2
