6
2
7
0
5
1
3
4
14
10
15
8
13
9
11
12
19
23
28
26
30
18
31
22
27
25
20
16
29
21
24
17
38
34
39
32
37
33
35
36
43
47
52
50
54
42
55
46
51
49
44
40
53
45
48
41
5.4664
28.6632
21.7611
22.7989
30.1415
39.9039
23.1731
30.4947
35.6471
29.7291
23.9039
22.3383
30.9803
37.7022
23.1221
31.3074
22.3794
31.4887
37.3747
20.6198
29.5004
21.3945
38.1348
29.9993
22.3122
23.1806
29.974
36.3353
26.872
19.3706
36.7734
25.1575
22.7326
38.8222
23.1
24.9117
35.019
21.0528
39.4417
24.2093
23.0613
38.2103
23.5488
35.9908
23.3259
25.289
38.9234
23.51
23.2035
38.9897
23.4583
39.2157
21.7623
23.3307
40.6356
24.5807
2
2
2
2
2
2
2
2
2
2
2
2
2
2
2
2
2
2
2
2
2
2
2
2
2
2
2
2
2
2
2
2
2
2
2
2
2
2
2
2
2
2
2
2
2
2
2
2
2
2
2
2
2
2
2
2
