3
0
1
4
5
7
6
2
11
8
9
12
13
15
14
10
30
23
24
22
20
29
18
31
19
21
27
17
28
26
16
25
35
32
33
36
37
39
38
34
54
47
48
46
44
53
42
55
43
45
51
41
52
50
40
49
16.6004
35.9225
24.3966
21.3593
39.0581
23.932
22.0768
35.8664
23.4666
36.5143
22.2668
22.1459
38.0404
23.6499
37.9914
22.9238
22.3142
37.0942
23.0435
23.9059
37.9626
21.6189
37.4691
22.1451
23.3595
38.859
23.9896
22.1898
36.6028
20.828
38.5923
19.9328
25.131
39.6862
22.2455
22.522
38.1818
22.5378
36.7418
20.76
23.3635
39.8683
21.7903
23.403
37.1112
22.4031
39.158
21.4901
23.4287
38.1885
20.2611
22.4564
39.6179
22.2225
38.4062
21.289
2
2
2
2
2
2
2
2
2
2
2
2
2
2
2
2
2
2
2
2
2
2
2
2
2
2
2
2
2
2
2
2
2
2
2
2
2
2
2
2
2
2
2
2
2
2
2
2
2
2
2
2
2
2
2
2
