4
1
7
2
5
3
6
0
12
9
15
10
13
11
14
8
28
17
25
31
21
26
18
20
27
22
19
24
29
23
30
16
36
33
39
34
37
35
38
32
52
41
49
55
45
50
42
44
51
46
43
48
53
47
54
40
2744.385
356.1884
229.2789
195.193
196.9783
195.2211
180.9467
180.7041
179.4387
218.1666
162.2868
179.8208
194.956
958.7694
181.7226
130.1797
3127.312
220.4433
173.4808
312.2374
191.7042
210.3365
147.5415
108.0903
124.1152
144.6402
137.9158
113.7681
124.7737
508.3332
44.2034
22.8926
24.5175
29.8978
39.4472
22.7357
29.8816
24.109
44.6956
24.5937
23.9513
29.6434
23.1541
39.2366
31.753
22.7859
31.2801
37.654
23.787
30.4611
23.8759
38.2853
29.8342
22.5903
24.1121
31.4954
1
1
1
1
1
1
1
1
1
1
1
1
1
2
2
2
1
1
1
1
2
2
2
2
2
2
2
2
2
2
2
2
2
2
2
2
2
2
2
2
2
2
2
2
2
2
2
2
2
2
2
2
2
2
2
2
