5
0
7
1
3
2
6
4
13
8
15
9
11
10
14
12
27
18
22
30
29
17
21
24
19
20
31
28
23
16
26
25
37
32
39
33
35
34
38
36
51
42
46
54
53
41
45
48
43
44
55
52
47
40
50
49
31.1087
22.8681
22.134
38.9178
21.4794
22.1826
37.6473
21.306
37.8551
20.3523
22.411
37.3467
22.6069
20.007
39.0604
22.2885
38.39
21.4075
21.6924
37.302
21.4379
37.7488
21.8856
23.0099
37.3838
20.0165
22.2573
36.1769
20.1125
38.3545
24.4301
19.0056
36.5119
23.2485
21.9515
36.4341
21.3534
37.4012
22.7582
21.6446
36.9453
23.2916
20.2619
37.2716
23.3394
21.784
36.2243
20.9117
36.4617
23.5721
38.5338
21.9349
22.2297
36.2113
21.643
21.9511
2
2
2
2
2
2
2
2
2
2
2
2
2
2
2
2
2
2
2
2
2
2
2
2
2
2
2
2
2
2
2
2
2
2
2
2
2
2
2
2
2
2
2
2
2
2
2
2
2
2
2
2
2
2
2
2
