3
1
4
2
5
6
7
0
11
9
12
10
13
14
15
8
20
24
29
19
23
27
21
25
17
30
31
26
16
28
18
22
35
33
36
34
37
38
39
32
44
48
53
43
47
51
45
49
41
54
55
50
40
52
42
46
17.3459
38.3462
22.9032
39.9857
23.9561
22.134
39.081
22.5797
21.4617
38.298
23.6712
38.6705
21.1029
20.8537
38.5299
23.5804
39.1395
16.5495
29.3182
39.7182
23.8004
22.2759
37.7117
22.6358
23.5507
38.5062
24.2524
37.4213
23.9675
19.5768
39.384
24.2769
23.4433
37.9914
21.6248
37.5355
23.2722
23.8131
38.6077
23.2359
38.8538
23.021
22.7401
37.9555
23.6578
22.4679
38.7424
24.1651
37.8207
22.7808
24.0086
36.1062
23.1549
23.2224
30.7614
36.1469
2
2
2
2
2
2
2
2
2
2
2
2
2
2
2
2
2
2
2
2
2
2
2
2
2
2
2
2
2
2
2
2
2
2
2
2
2
2
2
2
2
2
2
2
2
2
2
2
2
2
2
2
2
2
2
2
