2
4
3
7
5
0
1
6
10
12
11
15
13
8
9
14
27
23
25
20
19
26
21
28
30
24
17
16
18
31
22
29
34
36
35
39
37
32
33
38
51
47
49
44
43
50
45
52
54
48
41
40
42
55
46
53
17.4482
31.3927
21.1255
42.5642
16.749
24.9252
31.4579
20.2887
38.7559
15.7412
26.5639
31.4073
21.3265
40.4499
17.3688
26.6919
30.2051
23.4089
20.4843
34.5801
24.1232
33.3068
239.9542
505.7305
38.1238
22.8645
41.3834
14.1558
19.3418
37.2562
22.5607
20.8189
37.4
19.48
37.161
22.9143
19.8403
37.5418
21.0437
22.2597
35.1387
21.5411
38.6915
17.927
19.1881
23.0241
31.544
36.5842
19.1166
20.8947
20.7719
29.9693
21.2124
38.8412
21.3799
23.9849
1
1
1
1
1
1
1
1
1
1
1
1
1
1
1
1
1
1
1
1
1
1
2
2
2
2
2
2
2
2
2
2
2
2
2
2
2
2
2
2
2
2
2
2
2
2
2
2
2
2
2
2
2
2
2
2
