6
3
7
0
1
4
5
2
14
11
15
8
9
12
13
10
29
30
27
20
25
24
16
31
28
22
21
17
18
19
23
26
38
35
39
32
33
36
37
34
53
54
51
44
49
48
40
55
52
46
45
41
42
43
47
50
14.1139
38.1265
20.9339
19.9569
25.8306
29.3649
38.2845
22.2992
15.8605
25.9851
31.3753
21.9468
36.3085
22.1905
21.7568
31.659
21.2728
36.3436
20.1082
22.4967
33.9061
21.3321
36.7466
20.9591
25.2116
30.0151
24.0137
33.7978
23.4721
21.562
33.2882
23.098
22.5548
37.9057
26.0353
30.6986
21.0654
18.3292
30.8266
27.819
30.6713
20.3251
20.9741
37.6161
26.0839
14.8969
25.5316
33.6118
38.0009
26.0104
13.4281
28.0335
30.0076
20.8552
40.7363
17.2637
1
1
1
1
1
1
1
1
1
1
1
1
1
1
1
1
1
1
1
1
1
1
1
1
1
1
1
1
1
1
1
1
1
1
1
1
1
1
1
1
1
1
1
1
1
1
1
1
1
1
1
1
1
1
1
1
