4
0
1
2
6
3
5
7
12
8
9
10
14
11
13
15
19
24
30
27
17
18
25
26
20
16
29
22
28
31
23
21
36
32
33
34
38
35
37
39
43
48
54
51
41
42
49
50
44
40
53
46
52
55
47
45
16.7292
37.6908
22.0333
26.7049
32.6537
22.9862
35.7332
22.1352
24.423
33.9804
22.2739
36.9267
22.5718
21.0026
37.8176
22.5066
21.5695
35.0107
23.9916
29.3052
22.2095
21.718
39.3018
21.8231
20.1666
36.5692
18.7353
39.1086
21.6888
18.6192
54.6314
522.2449
16.444
35.0466
20.0912
19.4804
38.251
15.2825
35.2098
20.9473
19.9833
43.0739
17.0468
19.4982
38.5441
21.8595
40.487
16.4799
21.415
36.2488
22.7515
20.9734
37.4802
20.1801
20.9809
38.6448
2
2
2
2
2
2
2
2
2
2
2
2
2
2
2
2
2
2
2
2
2
2
2
2
2
2
2
2
2
2
1
1
1
1
1
1
1
1
1
1
1
1
1
1
1
1
1
1
1
1
1
1
1
1
1
1
