2
6
0
1
7
3
4
5
10
14
8
9
15
11
12
13
18
16
30
19
22
29
24
28
20
27
17
21
25
23
31
26
34
38
32
33
39
35
36
37
42
40
54
43
46
53
48
52
44
51
41
45
49
47
55
50
1119.499
511.4956
35.6775
23.7988
44.4621
18.5342
28.9868
34.4133
22.9483
39.4413
20.4898
27.2489
21.865
36.2567
22.8116
39.2141
22.3185
39.5811
23.4567
24.246
37.9697
24.7229
21.686
36.8418
22.507
38.5642
24.3681
22.9546
39.4042
22.951
22.6117
42.1664
21.0133
35.4579
23.9956
19.4757
42.3359
16.828
26.1277
37.125
22.4469
42.5931
19.8237
20.7525
39.2046
24.1066
43.1055
456.916
522.3219
22.8795
25.0176
35.6993
23.1106
36.773
25.7975
24.6067
1
1
1
1
1
1
1
1
1
1
1
1
1
1
1
1
1
1
1
1
1
1
1
1
1
1
1
1
1
1
1
1
1
1
1
1
1
1
1
1
1
1
1
1
1
1
1
2
2
2
2
2
2
2
2
2
