2
4
7
6
0
5
3
1
10
12
15
14
8
13
11
9
18
26
22
17
21
27
19
25
29
28
30
31
23
16
20
24
34
36
39
38
32
37
35
33
42
50
46
41
45
51
43
49
53
52
54
55
47
40
44
48
25.6062
32.4234
21.0524
23.6424
38.5496
23.209
19.943
35.3848
22.7488
34.1487
21.7591
15.5606
37.7164
21.2922
36.6134
28.1078
16.329
36.1998
23.0439
20.766
42.0977
18.025
37.2108
23.6357
21.7734
41.1096
20.2634
20.6142
35.9043
24.263
41.861
16.156
23.3737
36.3254
21.9156
33.2677
25.9918
21.078
39.1071
21.8109
20.9512
39.2315
22.04
19.5638
38.0396
19.9687
39.0913
20.0912
20.8928
38.6148
22.8456
38.81
17.6485
23.1782
24.2073
32.3926
2
2
2
2
2
2
2
2
2
2
2
2
2
2
2
2
2
2
2
2
2
2
2
2
2
2
2
2
2
2
2
2
2
2
2
2
2
2
2
2
2
2
2
2
2
2
2
2
2
2
2
2
2
2
2
2
