2
5
1
0
6
4
7
3
10
13
9
8
14
12
15
11
25
22
16
18
24
20
29
26
30
31
23
28
19
27
17
21
34
37
33
32
38
36
39
35
49
46
40
42
48
44
53
50
54
55
47
52
43
51
41
45
28.105
21.1219
38.3347
23.896
29.2985
29.1906
24.7434
38.3679
23.881
26.6267
32.5111
21.161
23.8376
38.6405
23.6349
31.0146
21.1488
19.7913
40.2298
21.4782
16.8908
36.2263
20.5175
25.1104
42.0333
15.902
30.3181
30.7819
38.7673
26.3754
17.9871
26.7077
31.098
22.8467
34.6555
19.2541
25.9804
34.04
22.2545
41.7615
15.3457
28.7885
31.6791
22.904
40.9741
18.3715
24.9564
38.1538
21.3036
42.3967
19.7578
25.6604
32.0552
22.6931
22.9178
34.8586
2
2
2
2
2
2
2
2
2
2
2
2
2
2
2
2
2
2
2
2
2
2
2
2
2
2
2
2
2
2
2
2
2
2
2
2
2
2
2
2
2
2
2
2
2
2
2
2
2
2
2
2
2
2
2
2
