1
6
3
0
4
5
7
2
9
14
11
8
12
13
15
10
25
17
23
22
18
20
24
27
28
19
21
30
16
26
31
29
33
38
35
32
36
37
39
34
49
41
47
46
42
44
48
51
52
43
45
54
40
50
55
53
168.4635
189.9793
197.2508
302.8945
242.8713
221.5704
273.4281
229.3341
237.8963
238.524
240.478
225.4187
260.9343
234.0294
311.0391
239.6073
174.7094
255.3319
261.4158
222.7642
224.7301
240.4168
245.8757
208.8605
237.2958
241.771
194.4538
199.97
346.1616
271.7206
240.6822
258.7508
242.219
272.9433
273.1397
298.2339
287.7988
304.1385
227.8562
275.2205
250.5765
294.6432
343.6936
225.6818
274.8799
307.6972
250.6903
336.323
536.651
288.602
257.0089
290.1514
291.9841
521.1472
328.1831
348.8476
2
2
2
1
1
1
1
1
1
1
1
1
1
1
1
1
1
1
1
1
1
1
1
1
1
1
1
1
2
2
2
2
2
2
2
2
2
2
2
2
2
2
2
2
2
2
2
2
2
2
2
2
2
2
2
2
