4
0
1
6
7
3
2
5
12
8
9
14
15
11
10
13
18
28
21
16
24
23
25
30
20
19
26
27
31
17
29
22
36
32
33
38
39
35
34
37
42
52
45
40
48
47
49
54
44
43
50
51
55
41
53
46
180.1636
201.1738
241.3491
204.6515
206.7919
443.3458
177.3994
209.9524
201.4428
206.9424
207.7286
211.5082
188.4603
208.8375
200.512
220.883
230.3763
206.671
206.3585
254.569
165.1169
207.087
222.5517
175.6224
228.1181
206.0492
219.6796
225.0769
223.7752
228.3607
208.7012
191.7914
272.0643
271.3485
209.809
225.9374
216.5969
216.3931
211.3264
208.7581
199.6674
268.9402
205.6253
223.774
197.4266
256.4626
191.4304
218.8172
239.5298
205.2421
209.6099
206.5798
221.8279
225.7418
162.2492
257.3455
2
2
2
2
2
2
2
2
2
2
2
2
2
2
2
2
2
2
2
2
2
2
2
2
2
2
2
2
2
2
2
2
1
1
1
1
1
1
1
1
1
1
1
1
1
1
1
1
1
1
1
1
1
1
1
2
