2
3
4
7
6
5
1
0
10
11
12
15
14
13
9
8
20
16
29
30
24
21
25
28
31
19
22
23
18
26
17
27
34
35
36
39
38
37
33
32
44
40
53
54
48
45
49
52
55
43
46
47
42
50
41
51
318.8336
379.1997
292.5075
283.1493
264.3776
330.1671
255.0873
226.1361
301.1297
303.9884
426.6889
284.218
258.1404
190.662
261.9365
220.8928
199.123
208.047
220.2931
199.6184
239.104
237.3523
256.4179
226.1693
186.2448
239.0751
208.132
212.3216
219.377
322.5369
313.2372
324.0864
221.5076
208.3141
199.7263
187.9451
232.0027
675.7144
175.0282
160.5224
167.4766
157.7676
194.9598
194.9907
230.3016
187.4387
209.0781
210.4688
195.556
181.9347
221.6233
199.1657
218.2598
200.8411
188.727
225.7217
2
2
2
2
2
2
2
2
2
2
2
2
2
2
1
1
1
1
1
1
1
1
1
1
1
1
1
1
1
1
1
1
1
1
1
1
1
2
2
2
2
2
2
2
2
2
2
2
2
2
2
2
2
2
2
2
