6
7
3
1
4
5
2
0
14
15
11
9
12
13
10
8
24
18
28
23
21
26
19
16
25
31
30
20
29
27
22
17
38
39
35
33
36
37
34
32
48
42
52
47
45
50
43
40
49
55
54
44
53
51
46
41
1436.824
514.5738
31.2137
38.2995
26.9826
24.389
21.3941
35.5547
20.5005
40.5708
22.0886
25.3716
35.6341
292.0848
192.0403
179.6236
194.2712
184.8131
208.3919
222.1341
181.5183
225.7438
147.2025
192.8103
209.8173
179.7575
193.0892
153.7198
176.4125
179.9906
176.1154
133.2379
179.7567
303.8711
512.5167
33.6916
37.6536
22.281
20.3203
37.7757
22.0317
44.8291
20.1485
16.8201
38.763
24.7173
21.4952
41.526
23.6317
25.0188
30.0293
21.929
40.9583
17.3937
24.9532
36.5617
1
1
1
1
1
1
1
1
1
1
1
1
1
1
1
1
1
1
1
1
1
1
1
1
1
1
1
1
1
1
1
1
1
2
2
2
2
2
2
2
2
2
2
2
2
2
2
2
2
2
2
2
2
2
2
2
