5
1
0
7
2
6
4
3
13
9
8
15
10
14
12
11
26
28
17
27
19
20
25
31
24
29
16
23
22
18
30
21
37
33
32
39
34
38
36
35
50
52
41
51
43
44
49
55
48
53
40
47
46
42
54
45
16.7656
38.8206
25.0042
20.7849
38.0005
22.3446
43.8584
26.1767
11.8494
39.6214
22.6425
22.731
42.2221
21.3052
32.3618
23.4314
22.0372
42.7728
22.1261
23.3694
360.5588
208.1462
134.7466
228.5724
189.9279
162.3124
219.4189
174.837
175.3423
179.4873
193.1481
200.8079
188.1146
195.8618
162.8236
210.5087
147.9914
179.2522
195.8898
186.5727
205.2958
220.1039
198.4075
221.0114
197.3934
208.0711
152.4963
218.1902
201.7383
189.3847
179.857
200.8644
157.753
176.5591
193.83
188.9565
2
2
2
2
2
2
2
2
2
2
2
2
2
2
2
2
2
2
2
2
2
2
2
2
2
2
2
2
2
2
2
2
2
2
2
2
2
2
2
2
2
2
2
2
2
2
2
2
2
2
2
2
2
2
2
2
