4
5
7
0
6
3
1
2
12
13
15
8
14
11
9
10
27
29
18
30
22
21
19
26
28
25
23
16
20
17
24
31
36
37
39
32
38
35
33
34
51
53
42
54
46
45
43
50
52
49
47
40
44
41
48
55
219.0159
178.2898
231.3086
239.0791
266.0886
240.877
226.5912
264.6131
238.9538
260.3978
242.1902
273.0437
224.7597
258.2866
240.1651
241.9614
256.3227
240.8482
255.9253
241.2337
223.1573
239.7665
210.592
229.6426
252.0055
230.3759
235.6772
246.8914
239.9071
234.1973
319.7905
229.5466
268.6178
306.8471
273.2637
271.8032
240.8632
294.7519
273.1867
253.9851
290.1601
275.1529
270.9704
220.3168
272.3361
230.2846
240.8501
237.6881
274.2624
246.394
241.6991
232.3844
215.7029
263.8257
216.2698
263.6926
2
2
2
2
2
2
2
2
2
2
2
2
2
2
2
2
2
2
2
2
2
2
2
2
2
2
2
2
2
1
1
1
1
1
1
1
1
1
1
1
1
1
1
1
1
1
1
1
1
1
1
1
2
2
2
2
