4
0
1
2
6
5
7
3
12
8
9
10
14
13
15
11
18
22
16
27
17
30
21
19
25
26
20
29
31
28
24
23
36
32
33
34
38
37
39
35
42
46
40
51
41
54
45
43
49
50
44
53
55
52
48
47
589.6004
193.5045
197.6116
161.6045
186.6348
115.2057
162.9572
168.5441
299.3473
166.83
162.1631
197.3583
193.3753
148.7812
384.3306
161.2154
241.8612
179.5964
163.2539
163.1832
179.9112
149.3477
180.0262
179.7473
195.453
161.823
178.7573
145.5362
165.1277
181.3572
196.7981
182.9366
186.7308
195.805
195.1476
180.8535
194.4242
180.3182
195.095
181.9426
147.5707
177.3959
211.6011
162.7063
164.3735
179.6149
145.8092
151.984
289.3005
192.9463
180.9518
182.12
197.1229
177.7732
179.63
182.28
1
1
1
1
1
1
1
1
1
1
1
2
2
2
2
2
2
2
2
2
2
2
2
2
2
2
2
2
1
1
1
1
1
1
1
1
1
1
1
1
1
1
2
2
2
2
2
2
2
2
2
2
2
2
2
2
