4
7
3
6
1
0
5
2
12
15
11
14
9
8
13
10
22
24
20
23
27
18
29
16
28
26
25
19
30
17
31
21
36
39
35
38
33
32
37
34
46
48
44
47
51
42
53
40
52
50
49
43
54
41
55
45
183.3886
181.9581
168.1941
173.9944
161.6164
146.5084
320.0837
179.1626
180.0934
179.4008
151.4159
179.3439
179.9353
172.3972
163.2203
200.6891
179.4779
158.495
366.1664
164.8373
178.4586
216.6223
178.6451
175.5679
184.3893
177.612
181.1502
141.6409
154.401
3552.718
190.0892
169.7428
140.8792
164.0258
227.6738
163.9314
178.6415
132.5213
149.998
152.1665
156.6445
137.793
156.9349
163.2559
177.6361
163.4459
164.3881
210.0027
180.9017
213.5124
178.2279
178.9528
178.7553
206.6119
177.5452
179.8812
2
2
2
2
2
2
1
1
1
1
1
1
1
1
2
2
2
2
2
2
2
2
2
2
2
2
2
2
2
1
1
1
1
1
2
2
2
2
2
2
2
2
2
2
2
2
2
1
1
1
1
1
1
2
2
2
