6
1
7
4
5
0
2
3
14
9
15
12
13
8
10
11
23
28
25
17
30
24
20
21
29
31
16
22
18
27
26
19
38
33
39
36
37
32
34
35
47
52
49
41
54
48
44
45
53
55
40
46
42
51
50
43
191.8492
199.9108
204.4477
213.5207
188.8776
195.9377
193.4547
211.5521
176.7199
209.2935
225.5693
226.0923
209.6799
209.5187
194.3492
146.7672
210.9176
179.1982
179.863
226.0145
208.1771
197.1501
180.9625
219.7184
192.6524
210.3772
212.6357
187.9867
193.8644
215.4593
159.1117
177.689
240.5871
239.842
211.2281
229.6621
234.7035
210.7359
225.4835
194.7928
216.6598
155.7303
162.1347
196.8013
179.3096
177.2762
211.3913
165.3351
158.2674
137.3576
530.9718
148.1159
132.496
5082.421
211.6998
195.0101
2
2
2
2
2
2
2
2
2
1
1
1
1
1
1
2
2
2
2
2
2
2
2
2
2
2
2
2
2
2
2
1
1
1
1
1
1
1
2
2
2
2
2
2
2
1
1
2
1
2
2
2
1
1
1
1
