6
7
3
0
5
1
2
4
14
15
11
8
13
9
10
12
20
29
18
28
23
19
25
27
31
24
22
17
16
30
26
21
38
39
35
32
37
33
34
36
44
53
42
52
47
43
49
51
55
48
46
41
40
54
50
45
218.1607
180.2277
178.9256
178.5854
1835.192
182.6293
158.0189
240.0546
223.893
163.231
193.1474
193.6922
115.3231
160.5868
180.7843
190.0548
136.7911
176.5615
188.938
191.4466
132.9262
147.7248
130.9454
161.8285
210.7398
240.9142
177.0435
176.7527
179.2823
148.0045
131.9603
149.4248
305.1891
203.1566
194.4088
165.0696
222.037
196.1103
160.377
176.648
196.3687
393.7808
225.2224
209.4543
194.9176
225.1402
211.8717
162.7968
238.581
225.4176
208.1024
200.1609
204.076
193.6459
429.2676
240.915
1
2
2
2
2
2
2
1
1
1
2
2
2
2
1
1
1
1
2
2
2
2
2
2
1
1
1
2
2
2
2
2
1
1
1
1
2
2
2
2
2
1
1
1
1
2
2
2
2
2
2
2
2
2
1
1
