3
5
2
4
7
0
1
6
11
13
10
12
15
8
9
14
19
21
24
18
26
31
30
16
23
28
22
20
27
17
25
29
35
37
34
36
39
32
33
38
43
45
48
42
50
55
54
40
47
52
46
44
51
41
49
53
148.3383
203.1278
179.2693
195.2724
178.2769
200.2747
155.9468
164.1432
176.8294
181.3315
177.9039
216.3576
221.0987
194.8651
194.713
162.7087
256.6562
195.5118
177.8589
197.3141
224.5962
194.0177
208.7235
180.4738
210.2053
199.6698
220.6037
199.4893
179.6576
177.3773
178.4302
180.445
187.4842
193.3354
163.7062
259.0744
213.4456
222.5324
226.0054
194.2634
178.3658
193.4603
242.0109
208.6239
178.5388
227.814
209.3287
195.0287
190.4175
147.8975
210.5048
178.5032
179.6683
162.2927
195.6007
193.5156
2
2
2
2
2
2
2
2
2
2
2
2
2
2
2
2
1
1
1
1
1
1
1
1
1
1
2
2
2
2
2
2
2
2
2
2
2
2
2
2
2
1
1
1
1
1
1
1
1
2
2
2
2
2
2
2
