1
4
7
0
6
2
5
3
9
12
15
8
14
10
13
11
27
22
31
18
21
25
16
20
28
17
19
30
29
26
24
23
33
36
39
32
38
34
37
35
51
46
55
42
45
49
40
44
52
41
43
54
53
50
48
47
264.5741
178.444
162.4314
181.0123
145.1861
336.6206
239.2301
333.6007
209.2343
225.7779
318.7816
364.8133
195.5766
176.7745
146.4488
209.3682
194.1117
172.5402
194.0457
177.6863
201
177.2086
204.8455
213.0095
217.4539
211.5525
272.0865
197.847
205.0984
161.6638
195.1661
180.7843
129.6144
208.3817
241.5033
178.6384
333.7335
262.2977
187.7398
195.319
194.0169
197.3974
205.5677
193.5985
210.2701
191.6639
194.6605
177.5057
146.461
164.7365
178.1931
227.2542
259.6386
219.3269
241.9465
260.4267
2
2
2
2
2
2
2
1
1
1
1
2
2
2
2
2
2
2
2
2
2
2
1
1
1
1
1
1
1
1
1
1
2
2
2
2
2
2
2
2
2
2
2
2
2
2
2
2
2
2
2
1
1
1
1
1
