1
3
7
0
2
5
4
6
9
11
15
8
10
13
12
14
18
29
22
21
28
26
19
31
25
23
30
17
20
16
27
24
33
35
39
32
34
37
36
38
42
53
46
45
52
50
43
55
49
47
54
41
44
40
51
48
17.6454
20.1137
41.3412
16.3081
21.1101
27.1549
29.2784
35.5029
23.2256
20.8655
23.0044
32.4278
35.4583
24.6949
14.2036
38.1317
19.706
21.3803
38.4383
22.6745
31.0731
21.8856
18.9447
41.3451
15.614
27.4231
29.8915
21.9124
38.6263
15.663
24.813
33.4751
18.2688
41.0085
14.127
26.0009
20.0426
31.0581
22.2182
35.7755
24.2232
31.6207
19.9802
20.7431
35.4235
24.796
18.7425
31.4267
23.1458
36.3523
25.6576
16.521
31.9758
21.1575
34.8705
26.5066
2
2
2
2
2
2
2
2
2
2
2
2
2
2
2
2
2
2
2
2
2
2
2
2
2
2
2
2
2
2
2
2
2
2
2
2
2
2
2
2
2
2
2
2
2
2
2
2
2
2
2
2
2
2
2
2
