2
1
4
7
5
6
0
3
10
9
12
15
13
14
8
11
29
19
31
26
22
21
20
28
27
24
30
25
16
18
17
23
34
33
36
39
37
38
32
35
53
43
55
50
46
45
44
52
51
48
54
49
40
42
41
47
1039.448
523.7746
22.4608
24.5404
36.747
26.1487
28.3792
33.1843
21.8196
37.0378
27.6471
19.7894
41.159
21.6102
36.9058
26.8574
25.1583
32.9335
21.3404
23.2146
41.1547
24.7012
31.2707
23.8668
23.3418
39.1999
28.1512
17.0437
39.2821
23.1427
39.9905
20.1805
23.5417
28.3713
33.3017
25.2653
37.9069
21.0109
28.0683
33.9116
24.2287
42.6638
16.6755
25.2878
37.8899
21.6422
43.1778
15.9561
24.2002
39.2663
19.7435
37.9231
23.0787
26.6338
34.3434
24.2583
2
2
2
2
2
2
2
2
2
2
2
2
2
2
2
2
2
2
2
2
2
2
2
2
2
2
2
2
2
2
2
2
2
2
2
2
2
2
2
2
2
2
2
2
2
2
2
2
2
2
2
2
2
2
2
2
