3
1
6
0
5
7
4
2
11
9
14
8
13
15
12
10
23
21
26
19
25
24
28
31
18
30
22
16
29
27
17
20
35
33
38
32
37
39
36
34
47
45
50
43
49
48
52
55
42
54
46
40
53
51
41
44
15.7432
36.9647
17.6304
37.7856
19.5966
23.5231
39.8301
15.9209
23.8056
32.6103
19.2908
39.3516
19.4962
24.3958
31.8257
20.3168
39.8467
21.1002
22.2775
24.5945
29.5656
41.5573
16.365
21.2874
25.5348
33.0283
21.1452
37.1251
19.6831
25.195
32.5479
20.4333
37.5328
25.449
19.4785
32.1694
21.0899
37.6774
25.3874
22.5165
30.0234
20.429
36.0398
21.357
27.2268
31.0917
18.618
20.9983
39.7499
23.6803
29.6015
19.8585
21.2282
40.1177
20.5882
31.9269
2
2
2
2
2
2
2
2
2
2
2
2
2
2
2
2
2
2
2
2
2
2
2
2
2
2
2
2
2
2
2
2
2
2
2
2
2
2
2
2
2
2
2
2
2
2
2
2
2
2
2
2
2
2
2
2
