3
5
6
7
2
4
0
1
11
13
14
15
10
12
8
9
27
29
28
19
16
26
20
25
17
18
22
23
21
31
30
24
35
37
38
39
34
36
32
33
51
53
52
43
40
50
44
49
41
42
46
47
45
55
54
48
26.7294
23.7692
41.0164
14.9625
24.9437
33.7896
23.4137
38.4019
17.3044
23.5733
23.4615
35.7487
20.3022
37.4589
26.3276
22.189
33.9713
20.0726
38.2174
25.4123
33.9993
22.8254
21.225
36.3152
25.007
21.9263
31.7384
21.9887
37.2724
25.6762
22.5702
32.3855
19.9324
22.7089
39.3734
20.9536
30.5347
19.4864
23.4421
38.5643
19.2971
34.6694
20.4878
20.8481
39.8546
22.3549
16.205
37.304
23.1573
39.9624
21.2985
14.7401
25.097
30.104
21.9278
41.3933
2
2
2
2
2
2
2
2
2
2
2
2
2
2
2
2
2
2
2
2
2
2
2
2
2
2
2
2
2
2
2
2
2
2
2
2
2
2
2
2
2
2
2
2
2
2
2
2
2
2
2
2
2
2
2
2
