1
4
0
6
5
2
7
3
9
12
8
14
13
10
15
11
30
28
17
24
27
19
31
21
16
18
22
20
26
23
25
29
33
36
32
38
37
34
39
35
54
52
41
48
51
43
55
45
40
42
46
44
50
47
49
53
12.1181
35.6965
17.8133
23.1336
41.2764
16.2492
25.6173
32.888
20.4922
40.5791
18.0594
27.2991
30.4774
19.932
35.8945
21.4561
25.528
21.7674
32.092
23.2039
37.6576
20.0074
27.4488
31.1841
22.3383
36.7419
27.4405
19.759
33.6402
18.445
37.9342
22.3375
21.4842
36.0138
19.5452
37.3566
23.2418
21.3996
30.887
18.0001
19.8218
37.3297
17.1575
19.5626
32.1271
23.386
41.4593
20.2931
17.6023
35.5705
22.7531
39.26
16.1884
21.756
25.4324
31.9407
2
2
2
2
2
2
2
2
2
2
2
2
2
2
2
2
2
2
2
2
2
2
2
2
2
2
2
2
2
2
2
2
2
2
2
2
2
2
2
2
2
2
2
2
2
2
2
2
2
2
2
2
2
2
2
2
