0
1
2
6
3
7
4
5
8
9
10
14
11
15
12
13
30
31
24
19
28
21
26
18
17
20
29
16
25
23
22
27
32
33
34
38
35
39
36
37
54
55
48
43
52
45
50
42
41
44
53
40
49
47
46
51
34.7594
19.7688
27.8281
21.3459
32.9149
18.4987
36.4949
25.5142
32.6147
19.6977
21.737
37.3696
26.654
20.0114
32.7442
23.6847
37.7844
30.5856
18.8428
33.5075
24.4436
35.8731
30.1617
19.4054
34.8096
22.0203
24.8142
40.7802
23.1968
32.1465
23.9201
21.773
43.7878
20.1757
19.6969
36.6182
22.7255
42.9084
22.8649
18.1712
26.7662
32.318
24.0675
40.1639
20.4898
34.631
22.2214
21.6142
42.1977
20.0679
26.1451
33.9666
22.4335
38.4782
21.2069
26.0645
2
2
2
2
2
2
2
2
2
2
2
2
2
2
2
2
2
2
2
2
2
2
2
2
2
2
2
2
2
2
2
2
2
2
2
2
2
2
2
2
2
2
2
2
2
2
2
2
2
2
2
2
2
2
2
2
