0
2
5
1
7
3
4
6
8
10
13
9
15
11
12
14
26
16
19
17
21
20
18
22
23
30
25
28
29
27
31
24
32
34
37
33
39
35
36
38
50
40
43
41
45
44
42
46
47
54
49
52
53
51
55
48
202.4662
320.6478
178.3934
226.8364
194.8667
303.019
190.4847
285.3012
213.9648
299.0928
160.9985
259.8651
115.6536
256.0876
237.6228
444.0032
150.1105
268.8998
117.4385
303.7091
194.3943
289.2783
193.5342
269.1211
194.557
215.2808
205.7361
396.0083
197.0633
349.4759
210.5084
397.2291
164.5983
478.0394
147.246
333.0421
148.4505
287.5298
147.7066
289.6358
128.1696
211.4839
149.4156
291.0288
143.1602
194.4235
148.5477
214.3437
194.9094
207.9137
210.5239
381.0667
135.3443
441.8055
115.2435
397.9303
2
1
2
1
2
1
2
1
2
1
2
1
2
1
2
1
2
1
2
1
2
1
2
1
2
1
2
1
2
1
2
1
2
1
2
1
2
1
2
1
2
1
2
1
2
1
2
1
2
1
2
1
2
1
2
1
