2
6
0
7
3
4
1
5
10
14
8
15
11
12
9
13
20
26
25
31
24
18
29
16
27
17
19
28
30
22
23
21
34
38
32
39
35
36
33
37
44
50
49
55
48
42
53
40
51
41
43
52
54
46
47
45
142.5289
324.4547
143.5063
255.7569
100.0182
340.1572
109.5309
381.4819
128.8665
526.2177
118.2555
342.9305
149.0154
291.6815
124.6642
398.1338
114.0347
573.3719
111.0871
336.0715
99.3383
318.6184
117.6309
366.3391
130.8746
288.777
132.2944
288.1129
130.3879
260.8263
98.5759
316.666
148.904
257.0246
113.7534
522.4262
83.1404
304.4621
135.8358
282.9004
114.3918
335.6298
132.2407
336.2832
83.2648
385.3527
85.0865
310.2956
114.8864
334.6149
135.1519
251.3618
334.5552
319.2821
145.3248
444.3426
2
1
2
1
2
1
2
1
2
1
2
1
2
1
2
1
2
1
2
1
2
1
2
1
2
1
2
1
2
1
2
1
2
1
2
1
2
1
2
1
2
1
2
1
2
1
2
1
2
1
2
1
2
1
2
1
