4
7
1
6
2
5
3
0
12
15
9
14
10
13
11
8
27
29
22
24
16
21
25
18
31
17
28
26
19
20
23
30
36
39
33
38
34
37
35
32
51
53
46
48
40
45
49
42
55
41
52
50
43
44
47
54
832.3403
542.1501
927.0545
713.0852
331.7005
445.864
318.1996
372.3397
344.2362
616.9899
304.5451
429.922
240.8848
413.856
247.318
406.9393
244.5988
381.7766
225.3454
358.6264
5249.262
479.0761
130.2994
164.334
151.4893
254.2288
164.7093
256.801
148.2044
228.1579
145.0348
257.5683
147.1409
303.2556
150.6225
303.5614
146.7395
336.412
147.8828
304.3073
161.9755
367.373
161.8186
302.6678
146.4934
336.3792
167.6233
252.6292
160.1676
341.5944
177.5176
300.0126
97.2828
304.9224
145.2544
293.5794
2
2
2
1
2
1
2
1
2
1
2
1
2
1
2
1
2
1
2
1
2
1
2
1
2
1
2
1
2
1
2
1
2
1
2
1
2
1
2
1
2
1
2
1
2
1
2
1
2
1
2
1
2
1
2
1
