1
2
4
3
6
7
5
0
9
10
12
11
14
15
13
8
23
29
18
22
26
21
24
25
20
19
30
27
16
31
28
17
33
34
36
35
38
39
37
32
47
53
42
46
50
45
48
49
44
43
54
51
40
55
52
41
1959.473
724.6037
1508.94
792.2142
631.5847
708.1023
1804.031
588.2669
940.5194
778.3843
191.4554
211.9868
135.2795
223.807
86.2657
179.6027
99.1621
135.3692
104.117
151.901
141.7996
178.3563
118.6968
209.791
131.7741
209.7942
106.6458
222.4208
136.027
284.5079
210.845
137.9434
207.2239
196.6667
213.8361
146.0434
198.8719
161.3509
211.0663
108.0107
174.6091
115.2771
212.5916
128.7519
243.9129
103.65
242.1122
117.2876
207.2595
152.7808
191.6253
137.3524
271.9829
145.4401
194.9714
117.5357
1
1
2
1
2
2
2
2
2
1
2
1
2
1
2
1
2
1
2
1
2
1
2
1
2
1
2
1
2
2
1
2
1
2
1
2
1
2
1
2
1
2
1
2
1
2
1
2
1
2
1
2
1
2
1
2
