0
2
5
3
7
1
6
4
8
10
13
11
15
9
14
12
16
19
20
21
23
17
22
30
27
28
18
26
24
25
31
29
32
34
37
35
39
33
38
36
40
43
44
45
47
41
46
54
51
52
42
50
48
49
55
53
110.0963
430.5774
144.8527
351.4809
98.5929
338.7737
128.5761
366.1448
136.5196
270.0123
161.3592
294.187
145.5428
254.0601
161.9675
274.2047
632.4554
415.4632
179.9409
224.0097
258.2537
244.1436
271.3018
277.1606
176.1787
363.3019
181.8451
470.5281
133.452
349.7058
382.1503
384.9892
180.8642
346.9104
163.5569
348.7711
180.43
292.1528
188.3885
292.122
206.0711
428.7262
177.9012
318.8535
199.2895
203.5068
193.3513
258.8957
159.5608
271.4235
166.591
286.9024
196.8926
243.5495
156.6836
241.0641
2
1
2
1
2
1
2
1
2
1
2
1
2
1
2
1
2
1
2
1
2
1
2
1
2
1
2
1
2
1
2
1
2
1
2
1
2
1
2
1
2
1
2
1
2
1
2
1
2
1
2
1
2
1
2
1
