1
4
3
5
7
6
0
2
9
12
11
13
15
14
8
10
18
29
28
25
23
21
19
31
20
24
16
26
27
30
17
22
33
36
35
37
39
38
32
34
42
53
52
49
47
45
43
55
44
48
40
50
51
54
41
46
236.8484
117.2564
321.0283
179.7813
133.7585
133.8383
177.2841
133.222
225.1404
181.8783
194.7012
139.0318
177.4749
98.0892
262.6136
97.0628
231.2299
129.5938
302.7381
179.6932
195.1401
164.3079
326.0061
128.0763
228.9701
147.2262
240.6383
165.1514
272.3057
136.4979
209.7539
175.7007
195.6529
148.6062
199.7833
127.5541
430.4111
149.3263
225.1921
179.5016
274.4611
180.3652
255.9438
180.428
353.792
128.3813
418.007
160.985
415.0294
150.8983
429.9679
1409.324
574.2845
2270.868
1086.905
1877.626
1
2
1
2
1
2
1
2
1
2
1
2
1
2
1
2
1
2
1
2
1
2
1
2
1
2
1
2
1
2
1
2
1
2
1
2
1
2
1
2
1
2
1
2
1
2
1
2
1
2
1
2
2
1
1
2
