0
6
4
2
5
7
1
3
8
14
12
10
13
15
9
11
29
18
19
25
30
28
27
20
21
26
23
17
22
16
24
31
32
38
36
34
37
39
33
35
53
42
43
49
54
52
51
44
45
50
47
41
46
40
48
55
19.3975
36.3274
27.7514
31.5085
20.4096
22.5975
36.5645
26.4857
32.0213
28.9829
11.6626
37.1029
25.6963
34.6314
18.7298
19.5567
60.0821
11.5749
6.714
36.5321
21.0844
36.4614
21.1085
20.6818
36.3156
22.5682
17.1365
44.2216
16.1935
35.0704
21.496
34.0633
28.5317
17.8228
37.5897
20.143
21.4502
36.9169
34.1518
7.1853
37.3704
21.372
41.6367
17.9792
22.7642
68.5811
5.4364
7.5579
36.8983
21.6651
36.009
21.8453
21.5608
55.8676
16.1607
9.4226
2
2
2
2
2
2
2
2
2
2
2
2
2
2
2
2
2
2
2
2
2
2
2
2
2
2
2
2
2
2
2
2
2
2
2
2
2
2
2
2
2
2
2
2
2
2
2
2
2
2
2
2
2
2
2
2
