4
6
1
5
0
7
3
2
12
14
9
13
8
15
11
10
26
16
19
23
28
18
27
25
31
29
30
24
17
21
22
20
36
38
33
37
32
39
35
34
50
40
43
47
52
42
51
49
55
53
54
48
41
45
46
44
996.9268
236.5948
196.0797
163.4515
111.9165
179.7158
144.3918
121.6912
141.6643
131.9075
147.9916
134.3122
179.2165
162.1546
155.1821
184.9571
153.5185
175.5025
191.1916
137.8642
157.0322
179.7522
165.6998
159.8778
179.7218
162.5551
151.4132
178.4066
150.3742
221.4245
212.357
148.0773
179.6024
173.6161
186.1277
166.6409
178.8344
178.2332
177.752
163.5626
191.4788
147.9924
166.9739
273.5923
205.8021
165.3103
177.5979
509.7218
35.8589
21.9199
39.3832
21.7813
23.4121
26.7986
30.7203
25.0152
1
1
1
1
2
2
2
2
2
2
2
2
2
2
2
2
2
2
2
2
2
2
2
2
2
2
2
2
2
1
1
1
1
1
1
1
1
1
1
2
2
2
2
2
2
2
2
2
2
2
2
2
2
2
2
2
