7
3
0
1
4
6
2
5
15
11
8
9
12
14
10
13
16
19
31
25
26
18
24
27
29
20
17
28
21
30
23
22
39
35
32
33
36
38
34
37
40
43
55
49
50
42
48
51
53
44
41
52
45
54
47
46
23.0909
22.5228
37.6201
25.4506
23.0249
33.5608
22.2933
50.4857
7.3157
24.1027
39.8988
19.5804
22.2392
35.2766
23.7526
37.5118
22.2253
24.9129
33.3443
22.5086
40.6921
19.8873
55.8632
8.9742
16.9659
24.0138
23.2683
29.8425
24.5609
36.2548
37.7508
10.9538
32.8556
19.4998
36.6289
24.427
23.934
64.3586
25.1073
33.127
21.6312
43.5069
15.6302
24.4313
34.4248
21.4328
40.5672
19.4603
26.0416
31.7198
20.2018
37.7291
22.1115
25.5581
33.1966
21.007
2
2
2
2
2
2
2
2
2
2
2
2
2
2
2
2
2
2
2
2
2
2
2
2
2
2
2
2
2
2
2
2
2
2
2
2
2
2
2
2
2
2
2
2
2
2
2
2
2
2
2
2
2
2
2
2
