1
6
2
3
4
0
5
7
9
14
10
11
12
8
13
15
20
18
30
26
27
23
29
17
31
19
24
21
16
22
25
28
33
38
34
35
36
32
37
39
44
42
54
50
51
47
53
41
55
43
48
45
40
46
49
52
23.1648
18.2016
24.0703
31.465
23.5156
42.663
19.5393
22.5161
40.8339
21.5055
31.742
23.7309
22.5113
73.9867
17.2547
37.7264
20.6731
41.9515
21.8232
21.0753
59.4737
13.3558
24.7743
23.5073
15.2308
27.7183
34.2395
61.8137
27.0767
27.2094
34.0926
22.2553
40.958
18.5592
40.0232
20.1311
23.3584
41.9827
17.9105
25.6442
33.5944
41.7955
4.4871
37.1899
26.1807
22.8167
32.6237
23.2552
62.2984
11.4153
10.2968
32.7292
23.9743
34.6465
24.0639
23.9553
2
2
2
2
2
2
2
2
2
2
2
2
2
2
2
2
2
2
2
2
2
2
2
2
2
2
2
2
2
2
2
2
2
2
2
2
2
2
2
2
2
2
2
2
2
2
2
2
2
2
2
2
2
2
2
2
