6
7
2
3
4
0
5
1
14
15
10
11
12
8
13
9
24
22
17
23
18
16
27
21
20
26
31
29
19
30
25
28
38
39
34
35
36
32
37
33
48
46
41
47
42
40
51
45
44
50
55
53
43
54
49
52
31.3339
26.9321
23.7613
7299.196
523.577
23.3275
39.0222
25.3751
17.5383
10.1487
25.7106
10.3423
12.7012
26.9665
37.1709
24.3136
24.651
27.4362
57.5023
11.2639
24.0758
23.0131
43.9525
23.4816
18.3375
27.3864
29.8595
43.1577
24.3263
18.204
177.9219
527.1093
18.2858
38.9744
23.3252
21.3676
42.4624
33.0156
22.2044
22.0732
22.1842
42.5449
19.3524
27.5326
33.2918
12.5688
22.959
25.0528
18.4663
34.9439
21.741
38.4142
24.9422
22.8088
33.628
18.6465
2
2
2
1
1
1
1
1
1
1
1
1
1
1
1
1
1
1
1
1
1
1
1
1
1
1
1
1
1
1
2
2
2
2
2
2
2
2
2
2
2
2
2
2
2
2
2
2
2
2
2
2
2
2
2
2
