6
0
1
7
3
5
2
4
14
8
9
15
11
13
10
12
19
31
22
29
23
24
17
28
16
21
30
25
26
27
18
20
38
32
33
39
35
37
34
36
43
55
46
53
47
48
41
52
40
45
54
49
50
51
42
44
33.389
24.0312
20.5392
52.9271
15.4563
4.2887
28.9189
27.951
35.4931
22.6563
22.4205
28.5159
30.7219
22.9044
35.5618
25.3499
21.4569
32.9742
28.2611
30.2826
21.5359
26.9096
32.423
24.6285
42.4458
24.0556
16.6921
33.0654
23.1683
37.5276
18.6927
28.2184
56.0608
11.2521
12.0248
33.4241
20.8118
43.3062
17.1721
25.9124
32.7513
23.3623
23.7795
38.0594
25.5616
22.0412
33.722
32.8884
25.8678
27.7882
21.8725
34.6081
21.2665
36.2741
53.9338
7.8123
2
2
2
2
2
2
2
2
2
2
2
2
2
2
2
2
2
2
2
2
2
2
2
2
2
2
2
2
2
2
2
2
2
2
2
2
2
2
2
2
2
2
2
2
2
2
2
2
2
2
2
2
2
2
2
2
