1
0
4
2
3
7
6
5
9
8
12
10
11
15
14
13
19
20
27
30
31
18
16
28
22
23
25
24
21
29
26
17
33
32
36
34
35
39
38
37
43
44
51
54
55
42
40
52
46
47
49
48
45
53
50
41
30.0242
22.1289
20.154
33.1416
23.8782
22.7428
33.6975
21.5419
35.1869
22.6216
26.5706
32.0608
22.8203
38.9637
21.0745
28.0608
31.5053
22.1799
23.4409
36.154
28.2725
34.2921
21.9124
23.1944
38.0092
23.0269
34.68
22.6283
21.2412
39.5645
23.4421
17.1697
37.1156
23.4642
37.7161
25.8255
17.1906
28.5131
30.6844
39.5973
25.3834
17.3676
27.6515
30.6741
22.2597
42.676
18.4149
26.042
32.5119
21.1172
44.8165
15.5413
20.9773
37.0148
22.9439
43.1703
1
1
1
1
1
1
1
1
1
1
1
1
1
1
1
1
1
1
1
1
1
1
1
1
1
1
1
1
1
1
1
1
1
1
1
1
1
1
1
1
1
1
1
1
1
1
1
1
1
1
1
1
1
1
1
1
