6
7
0
2
1
3
5
4
14
15
8
10
9
11
13
12
26
16
27
29
21
30
18
28
19
22
23
24
17
31
25
20
38
39
32
34
33
35
37
36
50
40
51
53
45
54
42
52
43
46
47
48
41
55
49
44
38.9321
18.9206
24.0114
36.7936
23.4986
22.4035
39.2517
26.6749
17.9796
36.6786
22.6551
37.9954
30.0602
13.387
38.6282
23.1727
38.7464
27.2781
16.2054
23.8723
22.6034
22.2909
39.7407
15.8909
36.376
22.8329
22.3221
39.8905
22.6338
23.2497
37.9981
20.7513
44.4044
16.7857
21.878
37.7457
21.1428
45.5418
16.1394
23.0494
37.7271
21.2961
21.6845
37.5545
22.3158
38.4019
22.7235
23.8581
35.2161
22.6002
22.0847
27.627
31.7119
38.4149
22.1803
22.9404
1
1
1
1
1
1
1
1
1
1
1
1
1
1
1
1
1
1
1
1
1
1
1
1
1
1
1
1
1
1
1
1
1
1
1
1
1
1
1
1
1
1
1
1
1
1
1
1
1
1
1
1
1
1
1
1
