6
4
1
3
0
5
2
7
14
12
9
11
8
13
10
15
20
17
25
21
26
22
23
28
18
27
19
31
30
29
16
24
38
36
33
35
32
37
34
39
44
41
49
45
50
46
47
52
42
51
43
55
54
53
40
48
11.3437
26.5457
33.0907
23.0265
23.0522
37.174
26.8768
20.013
32.7027
23.9541
38.1435
29.0425
28.6324
21.4221
21.5821
36.4112
22.1589
22.9775
37.5418
21.8674
35.5199
26.2541
18.9905
37.0263
23.6776
19.6298
41.8286
16.3974
37.3905
22.6445
20.8963
39.5898
20.1647
22.8527
35.7005
21.4348
43.7415
15.2624
23.7487
37.7781
21.9417
43.1003
15.9711
20.3567
38.204
23.6515
21.7607
36.5937
22.2854
38.7965
22.7385
21.304
38.4204
20.0197
21.3159
38.3604
1
1
1
1
1
1
1
1
1
1
1
1
1
1
1
1
1
1
1
1
1
1
1
1
1
1
1
1
1
1
1
1
1
1
1
1
1
1
1
1
1
1
1
1
1
1
1
1
1
1
1
1
1
1
1
1
