2
6
3
0
7
5
1
4
10
14
11
8
15
13
9
12
31
16
17
20
24
27
23
28
21
22
30
18
26
29
19
25
34
38
35
32
39
37
33
36
55
40
41
44
48
51
47
52
45
46
54
42
50
53
43
49
1102.365
210.9263
178.6419
163.8441
510.4681
37.6086
25.3787
39.6542
27.9391
17.7121
35.3413
24.2729
39.2564
27.9758
19.2995
36.5617
24.4376
23.2726
44.7237
21.6762
37.0844
22.3407
22.8064
44.9429
16.6893
26.0041
39.6372
22.5279
42.0542
19.3022
22.983
41.8456
19.8293
24.6692
37.2941
24.3867
25.7884
36.3965
22.1013
39.1414
22.4521
25.1895
28.3665
29.9839
39.7194
24.4337
24.1113
38.3146
21.722
38.8795
24.7616
22.2885
28.6146
32.3657
24.6379
38.7002
1
1
1
1
1
1
1
1
1
1
1
1
1
1
1
1
1
1
1
1
1
1
1
1
1
1
1
1
1
1
1
1
1
1
1
1
1
1
1
1
1
1
1
1
1
1
1
1
1
1
1
1
1
1
1
1
