2
6
3
5
0
7
4
1
10
14
11
13
8
15
12
9
16
27
31
17
29
24
26
18
20
21
30
28
19
23
25
22
34
38
35
37
32
39
36
33
40
51
55
41
53
48
50
42
44
45
54
52
43
47
49
46
17.7536
39.45
19.755
20.2148
25.7568
32.5328
22.3683
36.7007
21.2965
23.9869
34.377
23.6712
37.5896
21.1148
26.3347
33.4691
21.8054
38.0424
22.1617
27.8616
30.8274
21.6197
39.2276
21.9503
22.7918
34.5485
23.5436
36.5759
20.9769
29.9448
29.7571
22.4841
18.5105
37.8788
26.5599
34.8242
19.9308
19.5045
37.8362
27.7712
16.3804
25.2965
33.3609
38.3616
27.9545
14.3774
24.8805
34.8199
22.1917
42.2383
18.1566
26.0558
32.6861
21.5019
40.2701
14.9917
1
1
1
1
1
1
1
1
1
1
1
1
1
1
1
1
1
1
1
1
1
1
1
1
1
1
1
1
1
1
1
1
1
1
1
1
1
1
1
1
1
1
1
1
1
1
1
1
1
1
1
1
1
1
1
1
