0
1
2
3
5
6
4
7
8
9
10
11
13
14
12
15
18
23
26
30
19
17
24
27
31
25
16
28
29
20
21
22
32
33
34
35
37
38
36
39
42
47
50
54
43
41
48
51
55
49
40
52
53
44
45
46
14.0215
28.1915
34.7128
22.9447
38.8432
24.7039
23.1023
39.4919
22.3671
36.9149
23.6914
30.0033
31.9809
22.8673
24.1718
36.312
26.876
35.3607
23.0518
22.2976
40.7067
24.2856
35.4275
23.7479
23.4283
36.9326
27.3939
19.2916
37.9519
24.7644
39.4527
26.8135
17.2282
25.9507
33.3068
40.9567
28.4819
15.6116
28.4736
31.1952
22.6935
42.7357
20.105
24.8951
36.9698
20.839
44.965
14.4545
28.4985
32.9283
20.766
45.7658
15.3252
27.8249
33.0516
21.8445
1
1
1
1
1
1
1
1
1
1
1
1
1
1
1
1
1
1
1
1
1
1
1
1
1
1
1
1
1
1
1
1
1
1
1
1
1
1
1
1
1
1
1
1
1
1
1
1
1
1
1
1
1
1
1
1
