4
2
5
0
1
6
7
3
12
10
13
8
9
14
15
11
19
23
22
24
16
21
25
31
18
29
26
27
28
30
17
20
36
34
37
32
33
38
39
35
43
47
46
48
40
45
49
55
42
53
50
51
52
54
41
44
12.8323
40.248
23.1379
38.2683
25.7682
14.0977
40.1741
22.7721
24.3168
41.2428
21.0923
39.6961
23.7791
23.2244
43.1533
17.513
26.328
34.0949
21.9772
44.5364
18.6231
22.5508
30.6654
34.0068
41.8306
16.9512
26.0523
26.5011
34.396
42.3193
19.1114
21.9274
25.6762
30.9822
24.2911
37.8678
23.672
26.2435
32.5684
23.3263
39.4271
30.5643
21.8994
33.515
22.0384
37.2005
29.2558
21.6315
34.4683
20.63
24.5973
36.6044
28.1461
36.0011
22.921
23.6855
1
1
1
1
1
1
1
1
1
1
1
1
1
1
1
1
1
1
1
1
1
1
1
1
1
1
1
1
1
1
1
1
1
1
1
1
1
1
1
1
1
1
1
1
1
1
1
1
1
1
1
1
1
1
1
1
