3
1
5
4
7
6
0
2
11
9
13
12
15
14
8
10
20
31
29
19
28
27
24
18
26
25
17
22
23
30
16
21
35
33
37
36
39
38
32
34
44
55
53
43
52
51
48
42
50
49
41
46
47
54
40
45
1457.047
510.1789
37.6611
18.1337
39.9853
22.7033
26.4706
37.2163
24.0185
39.9908
22.8515
27.8399
40.2602
17.4237
29.9499
36.5008
21.9428
43.8383
21.229
22.951
27.7265
39.5969
36.6462
18.3525
31.1889
22.4157
38.9988
20.3673
37.3324
29.0954
28.1982
35.2438
18.5184
29.8678
33.1649
27.5547
40.1184
17.5735
37.9005
28.6707
23.9091
38.4339
19.2398
38.1704
22.3371
24.105
38.1419
18.0009
20.5179
41.6323
18.2344
36.6581
22.4177
30.5682
32.0003
27.3058
1
1
1
1
1
1
1
1
1
1
1
1
1
1
1
1
1
1
1
1
1
1
1
1
1
1
1
1
1
1
1
1
1
1
1
1
1
1
1
1
1
1
1
1
1
1
1
1
1
1
1
1
1
1
1
1
