2
1
4
6
7
3
5
0
10
9
12
14
15
11
13
8
20
23
31
21
16
25
26
17
29
24
28
27
22
30
19
18
34
33
36
38
39
35
37
32
44
47
55
45
40
49
50
41
53
48
52
51
46
54
43
42
34.3549
25.4838
23.9237
33.4257
12.0896
29.1401
44.3574
19.7139
31.3777
21.2132
22.0325
37.4992
28.9935
36.521
16.1212
30.9064
28.0031
28.8141
15.5029
37.9728
23.6831
40.0892
19.2951
19.0581
38.9309
29.2835
33.1574
21.5276
17.4668
39.3907
20.295
22.1273
42.5153
17.7706
23.0071
36.3539
20.666
42.089
16.523
30.1554
20.5455
32.824
40.1646
18.1226
21.7836
27.2106
34.4884
20.7711
37.6351
20.5953
22.3774
32.9477
19.4587
35.6823
21.773
16.4578
1
1
1
1
1
1
1
1
1
1
1
1
1
1
1
1
1
1
1
1
1
1
1
1
1
1
1
1
1
1
1
1
1
1
1
1
1
1
1
1
1
1
1
1
1
1
1
1
1
1
1
1
1
1
1
1
