2
4
6
3
1
7
5
0
10
12
14
11
9
15
13
8
31
16
20
29
17
28
23
27
22
30
26
21
25
19
24
18
34
36
38
35
33
39
37
32
55
40
44
53
41
52
47
51
46
54
50
45
49
43
48
42
18.7701
32.9516
21.0077
22.7693
26.8625
34.3114
35.4417
22.5777
21.6062
42.7993
22.52
18.7709
27.8123
30.6524
25.9251
35.4101
21.114
26.9309
34.6863
23.1031
38.0696
18.6223
26.9285
30.6113
28.0623
34.4556
16.6411
28.9781
33.404
26.1396
37.2349
18.8222
23.9648
33.7457
27.2552
36.8031
18.7393
24.5431
23.6535
35.3552
36.9844
13.7157
27.6195
23.7566
39.2975
17.1571
35.8403
30.1336
29.8042
24.5368
20.0141
36.6707
28.0505
19.1814
39.0067
14.68
1
1
1
1
1
1
1
1
1
1
1
1
1
1
1
1
1
1
1
1
1
1
1
1
1
1
1
1
1
1
1
1
1
1
1
1
1
1
1
1
1
1
1
1
1
1
1
1
1
1
1
1
1
1
1
1
