3
0
4
5
6
2
7
1
11
8
12
13
14
10
15
9
31
29
21
18
25
30
26
17
24
19
23
20
28
16
27
22
35
32
36
37
38
34
39
33
55
53
45
42
49
54
50
41
48
43
47
44
52
40
51
46
15.4915
22.8693
41.656
24.3416
19.9324
35.7301
21.7015
44.6308
19.7688
22.2743
35.6637
22.0566
41.8286
24.9082
16.4554
39.9454
23.1403
25.2791
40.5751
16.1386
25.2637
39.8356
13.8856
35.9327
21.5671
29.5
32.4463
18.2996
42.4169
18.526
22.4461
27.4342
33.6343
41.1713
18.5619
27.5495
19.3726
33.5438
20.8236
38.7033
22.4943
26.6385
34.6476
21.7982
37.9622
20.0402
42.2762
20.2093
19.5586
36.9003
31.1979
19.3943
34.2091
20.3563
23.8968
34.3478
1
1
1
1
1
1
1
1
1
1
1
1
1
1
1
1
1
1
1
1
1
1
1
1
1
1
1
1
1
1
1
1
1
1
1
1
1
1
1
1
1
1
1
1
1
1
1
1
1
1
1
1
1
1
1
1
