2
4
0
3
1
7
5
6
10
12
8
11
9
15
13
14
20
29
16
21
30
19
18
23
24
22
28
31
27
17
25
26
34
36
32
35
33
39
37
38
44
53
40
45
54
43
42
47
48
46
52
55
51
41
49
50
35.1122
22.6374
35.3192
11.6436
30.1459
36.1994
28.8556
18.0088
29.2685
30.0218
27.2244
35.8174
21.7287
27.0771
34.6907
22.1755
35.5879
19.0478
28.6735
33.5746
26.9724
39.6882
16.1453
26.8321
35.5677
19.4121
38.7981
17.3285
24.1576
31.3457
29.6465
37.3261
15.917
26.5793
24.1702
37.498
21.2456
38.0704
24.2539
37.946
28.781
14.8321
30.3655
34.3241
24.5404
35.4575
19.1588
30.678
35.576
19.2687
35.1019
18.6982
30.6954
37.1152
18.8685
35.5041
1
1
1
1
1
1
1
1
1
1
1
1
1
1
1
1
1
1
1
1
1
1
1
1
1
1
1
1
1
1
1
1
1
1
1
1
1
1
1
1
1
1
1
1
1
1
1
1
1
1
1
1
1
1
1
1
