6
3
4
7
1
0
5
2
14
11
12
15
9
8
13
10
21
18
20
22
16
25
23
27
24
31
17
26
30
29
19
28
38
35
36
39
33
32
37
34
45
42
44
46
40
49
47
51
48
55
41
50
54
53
43
52
19.0233
49.6845
521.8561
23.0222
39.4828
21.613
24.5775
34.6145
20.2054
23.0952
38.1574
26.1629
21.3973
28.429
22.6354
36.2958
30.2585
22.2233
30.3541
18.4952
40.1157
25.7911
24.2785
31.8897
21.8875
37.5043
26.6077
20.2627
34.8957
22.7978
21.6292
42.1092
14.0329
39.2944
22.0973
19.9636
40.1726
23.9604
32.9959
20.9548
23.4895
38.8531
19.7333
22.238
27.8692
30.1953
42.6196
20.0556
17.3906
28.1722
29.8176
42.1412
19.5361
14.8175
39.4706
21.3949
2
1
1
1
1
1
1
1
1
1
1
1
1
1
1
1
1
1
1
1
1
1
1
1
1
1
1
1
1
1
1
1
1
1
1
1
1
1
1
1
1
1
1
1
1
1
1
1
1
1
1
1
1
1
1
1
