2
7
1
6
3
5
4
0
10
15
9
14
11
13
12
8
27
28
26
29
25
23
31
17
24
19
16
21
22
20
30
18
34
39
33
38
35
37
36
32
51
52
50
53
49
47
55
41
48
43
40
45
46
44
54
42
33.1835
17.1282
23.7289
34.4999
21.6991
44.2062
15.247
21.7497
29.7212
22.1937
43.8099
14.4497
27.5184
30.6611
17.7299
43.9794
15.1521
27.6914
20.0588
33.7931
40.7047
14.1376
30.0665
29.0729
21.7805
18.6239
36.1145
28.167
17.5047
30.6354
20.0339
38.571
21.8251
20.376
37.8623
21.7497
37.5276
25.2705
22.1273
33.0548
20.9998
36.8094
19.6641
24.8608
35.2667
21.9737
21.9278
40.9572
20.8541
15.2209
36.8884
21.5431
42.6484
20.0153
13.1938
38.2889
2
2
2
2
2
2
2
2
2
2
2
2
2
2
2
2
2
2
2
2
2
2
2
2
2
2
2
2
2
2
2
2
2
2
2
2
2
2
2
2
2
2
2
2
2
2
2
2
2
2
2
2
2
2
2
2
