0
7
5
1
6
4
2
3
8
15
13
9
14
12
10
11
18
26
17
24
20
23
19
31
29
28
27
30
21
25
16
22
32
39
37
33
38
36
34
35
42
50
41
48
44
47
43
55
53
52
51
54
45
49
40
46
15.674
42.3521
15.5192
27.2213
30.91
21.6248
42.5892
15.5693
27.689
31.3157
22.298
36.7802
21.4704
25.8828
23.2497
33.9634
40.6648
16.7427
28.4112
18.4639
33.2756
21.483
36.0181
29.8903
17.3341
30.9989
22.424
36.4321
24.7513
22.1159
33.0939
20.0936
37.1796
27.5602
18.8452
33.0188
21.5336
37.1796
28.0126
16.5601
34.8286
22.1795
22.7409
40.3768
20.0391
17.3416
36.2062
22.2873
42.3525
21.2436
14.2949
307.3582
515.756
31.4567
20.7604
19.26
1
1
1
1
1
1
1
1
1
1
1
1
1
1
1
1
1
1
1
1
1
1
1
1
1
1
1
1
1
1
1
1
1
1
1
1
1
1
1
1
1
1
1
1
1
1
1
1
1
1
1
2
2
2
2
2
