0
6
5
2
4
7
3
1
8
14
13
10
12
15
11
9
26
20
29
21
17
28
19
30
16
25
22
24
27
31
23
18
32
38
37
34
36
39
35
33
50
44
53
45
41
52
43
54
40
49
46
48
51
55
47
42
1086.657
524.0898
23.0467
20.2275
29.1389
30.5034
22.7922
44.1584
17.7117
25.6659
36.3535
25.1511
39.499
21.4704
27.3497
34.2281
22.3225
46.4114
18.1846
27.6385
32.7869
23.405
22.4489
36.1339
26.0645
37.2183
23.2252
22.3636
38.7602
27.4623
33.9749
24.9106
21.598
38.8938
24.3824
24.7028
33.4419
23.2786
39.9565
25.8792
23.1636
33.9555
23.1976
36.286
25.1077
18.1759
36.3831
20.9268
21.7773
42.9779
25.6015
28.7881
23.7878
23.7763
43.0672
25.3736
1
1
1
1
1
1
1
1
1
1
1
1
1
1
1
1
1
1
1
1
1
1
1
1
1
1
1
1
1
1
1
1
1
1
1
1
1
1
1
1
1
1
1
1
1
1
1
1
1
1
1
1
1
1
1
1
