7
5
6
0
4
1
2
3
15
13
14
8
12
9
10
11
22
31
21
16
18
17
28
29
20
25
19
26
24
23
30
27
39
37
38
32
36
33
34
35
46
55
45
40
42
41
52
53
44
49
43
50
48
47
54
51
11.2351
36.5123
22.5572
40.5546
26.3826
188.6806
523.2041
22.7093
46.0171
20.1473
32.1406
26.2356
22.0622
42.6113
21.0966
21.1512
36.6952
23.4717
39.358
27.6061
18.3229
37.9717
22.2265
43.2086
20.8983
20.4669
28.3926
32.3227
22.7559
40.939
19.2912
27.535
32.9477
22.8554
44.0505
18.1254
27.2663
30.7895
25.0121
41.6805
18.8479
26.5702
23.6839
30.714
44.1335
18.9708
26.8428
24.2176
34.7709
21.1429
37.1156
27.2955
33.5782
23.4781
23.4563
37.6406
1
1
1
1
1
2
2
2
2
2
2
2
2
2
2
2
2
2
2
2
2
2
2
2
2
2
2
2
2
2
2
2
2
2
2
2
2
2
2
2
2
2
2
2
2
2
2
2
2
2
2
2
2
2
2
2
