1
2
6
3
0
5
7
4
9
10
14
11
8
13
15
12
26
30
18
28
31
27
24
17
21
23
29
19
20
16
22
25
33
34
38
35
32
37
39
36
50
54
42
52
55
51
48
41
45
47
53
43
44
40
46
49
20.7905
20.8948
38.8582
20.9647
37.1946
26.7879
20.9062
34.7764
19.7384
37.9547
23.324
24.5364
34.6378
20.9303
24.105
41.3143
16.5135
37.705
20.9829
22.6804
41.7113
20.3397
34.379
22.3217
22.1827
42.6547
22.7654
17.3985
28.5396
31.0336
44.8541
22.5343
5.2823
27.5662
29.6983
22.9005
38.2451
22.5469
27.4429
32.711
22.072
43.0711
15.5294
24.0813
35.1008
21.8935
38.5279
21.21
27.2667
19.6693
32.5526
23.339
36.766
23.4113
19.3959
29.4822
2
2
2
2
2
2
2
2
2
2
2
2
2
2
2
2
2
2
2
2
2
2
2
2
2
2
2
2
2
2
2
2
2
2
2
2
2
2
2
2
2
2
2
2
2
2
2
2
2
2
2
2
2
2
2
2
