4
6
1
5
7
3
2
0
12
14
9
13
15
11
10
8
29
27
18
28
25
30
24
31
19
22
20
26
17
23
21
16
36
38
33
37
39
35
34
32
53
51
42
52
49
54
48
55
43
46
44
50
41
47
45
40
1206.742
523.8982
22.8823
39.3595
30.2107
28.6099
24.6546
21.5652
38.4481
24.5985
22.3541
66.797
7.3769
22.3395
21.5944
23.1952
38.9266
23.9051
36.094
23.7234
24.2548
39.194
24.0315
18.6129
32.0153
36.7818
30.91
16.4511
35.8763
22.8124
38.4592
22.6638
13.0682
64.3112
11.8881
23.6258
24.5503
23.5918
32.1548
24.1098
21.9156
51.6495
10.2396
38.3359
17.0954
21.6853
38.1475
24.1951
23.721
39.9095
22.3833
33.1065
23.8719
23.0463
36.2307
24.0738
1
1
1
1
1
1
1
1
1
1
1
1
1
1
1
1
1
1
1
1
1
1
1
1
1
1
1
1
1
1
1
1
1
1
1
1
1
1
1
1
1
1
1
1
1
1
1
1
1
1
1
1
1
1
1
1
