5
3
7
2
6
4
1
0
13
11
15
10
14
12
9
8
25
17
18
27
28
21
31
29
19
30
24
26
16
22
20
23
37
35
39
34
38
36
33
32
49
41
42
51
52
45
55
53
43
54
48
50
40
46
44
47
18.5671
49.56
8.7604
22.104
36.3385
23.2608
20.5609
34.601
21.9887
38.4315
22.8973
21.3108
36.9153
22.3624
23.0008
38.4983
49.4024
3.3374
21.37
22.5406
37.0382
20.4076
37.0674
22.8112
23.3678
36.028
22.5303
21.8405
34.7334
22.3798
37.3866
16.6945
20.5902
37.1456
22.0582
22.9846
37.7821
21.4241
37.3155
20.1129
20.8801
34.8317
18.7911
20.3006
35.3817
21.6292
26.5591
36.3223
19.4168
21.7623
35.4453
21.2223
36.7434
21.7327
22.622
35.8696
2
2
2
2
2
2
2
2
2
2
2
2
2
2
2
2
2
2
2
2
2
2
2
2
2
2
2
2
2
2
2
2
2
2
2
2
2
2
2
2
2
2
2
2
2
2
2
2
2
2
2
2
2
2
2
2
