4
3
0
5
1
2
7
6
12
11
8
13
9
10
15
14
31
30
23
25
27
28
16
29
20
19
17
26
24
21
22
18
36
35
32
37
33
34
39
38
55
54
47
49
51
52
40
53
44
43
41
50
48
45
46
42
33.0046
24.7553
17.1986
38.8665
23.9213
23.4433
37.9634
56.487
11.5677
8.5408
39.4804
22.8582
36.331
23.7056
23.0858
38.7436
23.9924
21.5399
39.3165
16.7276
34.2869
23.7104
51.079
9.0212
25.2306
23.5148
37.5628
22.3272
37.6718
22.648
15.6815
7.5646
21.6793
22.2968
37.9428
17.3341
38.3419
55.9217
6.1187
23.2679
22.5872
39.4295
22.8511
22.3221
38.9218
23.9589
20.909
36.7604
23.5638
37.6631
26.4347
22.5623
27.7068
13.1433
36.9244
22.2704
1
1
1
1
1
1
1
1
1
1
1
1
1
1
1
1
1
1
1
1
1
1
1
1
1
1
1
1
1
1
1
1
1
1
1
1
1
1
1
1
1
1
1
1
1
1
1
1
1
1
1
1
1
1
1
1
