6
2
4
5
3
7
0
1
14
10
12
13
11
15
8
9
23
29
19
24
28
20
21
25
27
26
30
17
18
31
22
16
38
34
36
37
35
39
32
33
47
53
43
48
52
44
45
49
51
50
54
41
42
55
46
40
16.6028
20.8714
36.7545
22.6145
38.1246
21.7165
20.6573
39.8474
20.5025
22.0313
37.0168
20.2567
38.443
20.6542
17.4119
35.7352
18.2956
20.3709
35.4386
18.0851
37.0283
19.9648
21.803
35.721
22.093
16.1544
36.3666
19.4741
37.0018
21.4392
21.4573
5.3159
4.4539
4.7075
36.7209
22.2431
37.5794
20.7857
20.4693
36.0228
19.5397
36.9536
20.5732
20.4701
33.6959
21.7315
18.8764
33.8729
17.7224
35.9754
21.8923
22.5722
37.6564
21.4652
18.9388
34.9708
2
2
2
2
2
2
2
2
2
2
2
2
2
2
2
2
2
2
2
2
2
2
2
2
2
2
2
2
2
2
2
2
2
2
2
2
2
2
2
2
2
2
2
2
2
2
2
2
2
2
2
2
2
2
2
2
