5
6
2
1
4
3
0
7
13
14
10
9
12
11
8
15
29
21
18
16
17
25
27
20
26
19
22
30
31
23
28
24
37
38
34
33
36
35
32
39
53
45
42
40
41
49
51
44
50
43
46
54
55
47
52
48
31.7356
19.2446
265.75
521.7218
22.5027
36.9216
22.6469
16.8363
33.0947
17.4245
22.9104
36.1485
18.7658
16.9896
19.6017
21.4885
36.6265
21.2092
35.8929
19.8486
39.4405
21.0172
21.1452
20.2966
34.1534
20.6344
38.6879
18.895
10.462
20.8707
17.4834
21.1598
35.467
21.4261
34.4916
28.5258
30.2589
22.7136
23.2876
33.8595
19.9304
21.065
62.3403
12.9161
20.8928
21.7046
22.3438
37.7232
18.4568
36.8521
21.0927
19.0056
38.3201
18.2198
22.076
36.6589
1
1
2
2
2
2
2
2
2
2
2
2
2
2
2
2
2
2
2
2
2
2
2
2
2
2
2
2
2
2
2
2
2
2
2
2
2
2
2
2
2
2
2
2
2
2
2
2
2
2
2
2
2
2
2
2
