0
6
1
2
5
7
3
4
8
14
9
10
13
15
11
12
17
19
25
16
23
28
21
30
27
29
18
24
22
31
26
20
32
38
33
34
37
39
35
36
41
43
49
40
47
52
45
54
51
53
42
48
46
55
50
44
18.0906
38.0471
21.5012
20.056
36.5593
22.1953
22.187
36.7087
26.7377
19.9419
36.1682
22.074
21.8702
34.9629
19.1703
19.5926
36.3808
20.8825
36.4728
19.023
20.664
35.8447
23.2173
21.7809
38.3359
22.1688
37.9444
22.5927
21.3329
37.7722
22.2538
37.3297
19.2916
4.0612
37.2946
22.3166
20.99
36.7403
21.4182
37.886
19.006
21.9867
35.8218
22.8428
21.8239
35.6697
23.3453
36.3642
19.6622
22.0965
37.4964
21.8571
22.3964
37.0986
21.9788
36.5356
2
2
2
2
2
2
2
2
2
2
2
2
2
2
2
2
2
2
2
2
2
2
2
2
2
2
2
2
2
2
2
2
2
2
2
2
2
2
2
2
2
2
2
2
2
2
2
2
2
2
2
2
2
2
2
2
