0
7
6
5
4
1
3
2
8
15
14
13
12
9
11
10
29
25
23
30
19
16
21
26
28
27
17
18
24
20
31
22
32
39
38
37
36
33
35
34
53
49
47
54
43
40
45
50
52
51
41
42
48
44
55
46
33.8438
23.7942
38.8804
23.4876
21.1038
37.1469
21.4412
22.417
37.4625
21.6371
37.2591
22.7733
21.8299
38.2787
24.4579
36.4279
23.5022
23.0799
40.6321
23.4524
20.5072
38.7978
23.9605
39.8993
24.2133
23.9364
33.8039
23.7302
21.6182
39.966
22.2779
37.903
15.9502
37.5408
22.7326
38.5162
23.2324
23.2387
37.9022
23.81
39.0475
22.3443
22.3873
38.052
23.4003
23.2853
40.8364
22.1456
37.7493
22.9132
23.4785
45.2137
22.6686
22.626
22.895
38.4786
1
1
1
1
1
1
1
1
1
1
1
1
1
1
1
1
1
1
1
1
1
1
1
1
1
1
1
1
1
1
1
1
1
1
1
1
1
1
1
1
1
1
1
1
1
1
1
1
1
1
1
1
1
1
1
1
