2
1
5
3
7
0
6
4
10
9
13
11
15
8
14
12
27
22
20
25
21
19
18
31
29
23
17
26
28
16
30
24
34
33
37
35
39
32
38
36
51
46
44
49
45
43
42
55
53
47
41
50
52
40
54
48
1056.198
523.2608
25.9769
37.7667
24.6471
23.5982
8.3563
23.9577
35.9779
24.354
24.3658
39.0286
23.6377
38.7086
23.4595
24.1983
38.2617
24.7079
22.0116
38.3716
24.1525
40.8668
21.8643
23.5299
39.3557
24.2757
23.1877
39.4797
22.9215
39.3399
24.2046
24.412
40.9501
23.3908
23.3525
37.7418
24.1667
40.8474
22.398
22.3941
38.5679
24.6285
39.7472
23.0645
23.4785
39.2217
23.5919
23.3549
38.3949
21.1401
38.8413
23.8281
23.4568
39.277
21.9386
23.1692
1
1
1
1
1
1
1
1
1
1
1
1
1
1
1
1
1
1
1
1
1
1
1
1
1
1
1
1
1
1
1
1
1
1
1
1
1
1
1
1
1
1
1
1
1
1
1
1
1
1
1
1
1
1
1
1
