4
5
1
6
3
0
7
2
12
13
9
14
11
8
15
10
18
28
26
29
17
16
23
21
20
22
25
24
27
31
30
19
36
37
33
38
35
32
39
34
42
52
50
53
41
40
47
45
44
46
49
48
51
55
54
43
33.2101
21.6407
22.4008
38.8117
22.1302
22.4521
37.4266
19.3556
22.1412
39.5872
21.7394
38.0184
21.1856
20.4527
41.0054
21.2045
37.0848
23.1281
21.199
38.4289
23.5307
21.9255
36.1659
20.7818
38.4609
24.1825
20.7822
37.4365
23.5164
35.1372
22.9155
23.4599
37.0667
22.3917
20.8671
37.0564
19.9277
35.7476
20.768
20.6222
34.8464
21.2986
21.9615
35.4355
21.7387
37.5941
22.2763
21.8595
36.589
22.6923
23.2774
36.4452
22.2348
36.9873
22.5232
22.1254
1
1
1
1
1
1
1
1
1
1
1
1
1
1
1
1
1
1
1
1
1
1
1
1
1
1
1
1
1
1
1
1
1
1
1
1
1
1
1
1
1
1
1
1
1
1
1
1
1
1
1
1
1
1
1
1
