6
3
7
5
4
0
2
1
14
11
15
13
12
8
10
9
24
25
22
31
18
30
26
21
23
29
20
19
28
27
16
17
38
35
39
37
36
32
34
33
48
49
46
55
42
54
50
45
47
53
44
43
52
51
40
41
27.3434
22.0468
37.8319
22.4573
21.7462
38.3558
21.7675
29.8528
20.4922
39.5251
20.6416
21.8315
36.8763
22.9274
36.7001
23.4248
21.0738
32.2434
22.6591
23.0744
37.2128
22.0804
35.1115
22.6054
22.9973
39.0878
22.206
36.8047
20.7135
18.9274
37.9386
22.7599
21.7351
34.9693
21.455
38.1282
23.3177
20.1861
38.0097
22.0405
21.44
37.3073
22.6706
36.9802
19.9609
20.4934
37.9927
22.7765
22.1535
36.4844
21.643
36.7546
21.4937
22.9151
37.2982
20.6028
1
1
1
1
1
1
1
1
1
1
1
1
1
1
1
1
1
1
1
1
1
1
1
1
1
1
1
1
1
1
1
1
1
1
1
1
1
1
1
1
1
1
1
1
1
1
1
1
1
1
1
1
1
1
1
1
