3
1
4
0
5
7
6
2
11
9
12
8
13
15
14
10
29
21
22
19
20
17
31
24
16
18
28
26
23
30
25
27
35
33
36
32
37
39
38
34
53
45
46
43
44
41
55
48
40
42
52
50
47
54
49
51
33.2926
22.3854
22.9637
37.8181
19.5089
19.3576
36.4065
23.0846
36.2224
22.4766
19.9751
38.225
22.7544
19.8202
36.4729
37.7873
7.2813
36.5594
21.8987
36.2943
22.1657
19.3256
38.2191
22.08
36.3974
20.203
20.2157
34.9985
20.0632
20.5882
37.8773
19.7989
33.3954
18.3925
21.2369
35.7065
21.1615
23.2553
35.8605
20.2449
20.6364
35.5583
20.6009
19.3695
35.6926
20.4176
37.2788
20.0889
19.71
34.4612
21.1939
35.5006
19.9621
20.8999
35.7468
20.9944
1
1
1
1
1
1
1
1
1
1
1
1
1
1
1
1
1
1
1
1
1
1
1
1
1
1
1
1
1
1
1
1
1
1
1
1
1
1
1
1
1
1
1
1
1
1
1
1
1
1
1
1
1
1
1
1
