3
0
2
6
5
4
7
1
11
8
10
14
13
12
15
9
23
22
31
29
19
17
26
21
16
25
20
24
28
27
30
18
35
32
34
38
37
36
39
33
47
46
55
53
43
41
50
45
40
49
44
48
52
51
54
42
18.6244
38.4289
24.4421
21.4668
36.9612
23.6986
38.9152
23.0356
19.7377
37.4653
23.6314
22.3344
39.6512
23.7839
36.0763
23.1945
22.1736
40.2477
21.9713
23.7306
37.267
22.5209
39.0404
23.9814
22.7156
36.8367
22.4
38.6023
23.2616
22.5426
36.6843
23.3023
22.5703
39.4031
23.3146
22.6591
34.7176
22.0231
38.4877
23.6464
21.472
36.273
22.5588
40.388
22.178
22.0421
39.2624
22.1313
15.1063
38.4198
23.3821
37.8935
20.8316
23.2237
40.2106
21.4471
1
1
1
1
1
1
1
1
1
1
1
1
1
1
1
1
1
1
1
1
1
1
1
1
1
1
1
1
1
1
1
1
1
1
1
1
1
1
1
1
1
1
1
1
1
1
1
1
1
1
1
1
1
1
1
1
