0
2
1
5
4
7
3
6
8
10
9
13
12
15
11
14
31
23
27
16
17
24
30
18
22
25
28
19
26
20
29
21
32
34
33
37
36
39
35
38
55
47
51
40
41
48
54
42
46
49
52
43
50
44
53
45
21.6339
38.9664
23.0518
21.8524
35.8632
25.1531
23.0862
38.9925
22.2482
37.1744
23.4026
21.9756
38.4106
23.2552
38.8878
23.1616
22.2802
38.5544
21.8836
17.4889
35.8356
21.1555
37.5004
21.6683
23.93
37.8204
24.3006
21.6987
37.5083
20.1892
37.08
20.0307
21.4451
36.9457
27.8123
15.4832
36.5135
351.4833
519.7807
21.899
36.9145
21.6955
21.4297
37.4778
21.9689
37.2661
20.8722
22.1846
38.0294
21.6718
22.8949
37.3226
22.7468
37.3882
20.5747
22.0037
2
2
2
2
2
2
2
2
2
2
2
2
2
2
2
2
2
2
2
2
2
2
2
2
2
2
2
2
2
2
2
2
2
2
2
2
2
1
1
1
1
1
1
1
1
1
1
1
1
1
1
1
1
1
1
1
