5
3
2
7
0
1
4
6
13
11
10
15
8
9
12
14
28
25
31
18
24
16
29
27
22
30
19
26
23
20
21
17
37
35
34
39
32
33
36
38
52
49
55
42
48
40
53
51
46
54
43
50
47
44
45
41
17.1199
36.6048
19.7838
37.974
22.5544
19.7696
36.3278
21.1997
37.8563
22.3162
22.0914
36.7695
20.6747
17.421
38.6322
22.5935
35.7759
20.6222
21.9199
36.7118
21.9223
19.9924
38.2004
20.935
21.6821
35.7574
22.8013
35.8522
20.9244
21.2436
37.3502
21.7418
36.779
19.693
23.7763
34.2391
20.6597
37.082
21.4443
20.1058
36.0323
21.5024
22.1985
36.2389
22.1289
34.0926
22.27
21.3783
36.1449
21.9697
19.4974
35.8376
21.5355
35.7637
21.4384
21.1899
2
2
2
2
2
2
2
2
2
2
2
2
2
2
2
2
2
2
2
2
2
2
2
2
2
2
2
2
2
2
2
2
2
2
2
2
2
2
2
2
2
2
2
2
2
2
2
2
2
2
2
2
2
2
2
2
