1
3
6
4
7
0
2
5
9
11
14
12
15
8
10
13
26
29
28
25
21
18
24
16
20
22
19
27
23
31
17
30
33
35
38
36
39
32
34
37
50
53
52
49
45
42
48
40
44
46
43
51
47
55
41
54
32.0999
20.6186
22.842
36.792
22.215
37.8061
22.2364
20.9185
34.2
23.3864
37.067
21.931
20.3669
36.7889
22.718
21.9768
38.5473
21.2396
37.4423
21.5288
21.1199
36.3345
24.0513
20.3298
37.2305
20.7261
39.6108
20.9694
22.087
39.147
20.5107
22.906
37.8136
21.9606
37.3143
20.745
22.6927
38.3162
22.7152
35.4721
21.9654
22.0685
37.9863
22.0669
22.6935
37.1717
21.8227
38.006
21.6714
22.7515
35.672
21.0034
20.5996
37.7824
22.3296
36.9303
1
1
1
1
1
1
1
1
1
1
1
1
1
1
1
1
1
1
1
1
1
1
1
1
1
1
1
1
1
1
1
1
1
1
1
1
1
1
1
1
1
1
1
1
1
1
1
1
1
1
1
1
1
1
1
1
