3
7
1
4
2
5
6
0
11
15
9
12
10
13
14
8
25
24
30
22
16
26
20
21
23
28
29
19
17
31
18
27
35
39
33
36
34
37
38
32
49
48
54
46
40
50
44
45
47
52
53
43
41
55
42
51
16.3409
19.0044
39.4587
272.1838
505.615
38.6678
21.9464
20.1437
37.5497
22.4588
21.9144
37.897
21.4672
36.7533
19.6724
22.5185
37.8765
18.6188
19.2533
35.3765
19.8415
36.6743
19.4962
20.7786
36.8999
20.1331
35.7874
21.2965
20.5345
35.0431
22.0416
20.2781
38.1455
21.1049
37.7141
20.8786
20.7707
37.5865
21.8662
21.2262
35.4539
21.4731
36.907
22.9483
20.8983
37.5205
21.1255
19.4749
38.6769
21.8283
27.3524
37.4798
22.0685
19.5033
37.4036
23.0704
1
1
1
2
2
2
2
2
2
2
2
2
2
2
2
2
2
2
2
2
2
2
2
2
2
2
2
2
2
2
2
2
2
2
2
2
2
2
2
2
2
2
2
2
2
2
2
2
2
2
2
2
2
2
2
2
