2
4
3
1
6
7
0
5
10
12
11
9
14
15
8
13
25
22
26
31
29
19
27
28
17
21
18
23
24
20
16
30
34
36
35
33
38
39
32
37
49
46
50
55
53
43
51
52
41
45
42
47
48
44
40
54
144.4561
509.2404
37.7682
23.7024
21.4182
38.2759
24.3741
39.3236
23.6388
24.8904
38.7851
22.2312
39.275
23.3394
24.1327
39.1936
22.1044
25.4328
38.4446
23.4745
37.0974
23.8119
23.9667
39.6068
23.6112
22.5828
39.8391
21.5324
39.2612
24.2227
21.5656
39.0561
22.0132
23.5219
38.5615
23.6618
38.6069
23.5563
21.4285
39.5337
23.7949
37.6908
22.2166
22.9637
40.6008
22.9546
22.7752
38.8847
22.2648
23.6543
38.2964
23.9952
37.4644
22.731
22.3106
36.839
2
2
2
2
2
2
2
2
2
2
2
2
2
2
2
2
2
2
2
2
2
2
2
2
2
2
2
2
2
2
2
2
2
2
2
2
2
2
2
2
2
2
2
2
2
2
2
2
2
2
2
2
2
2
2
2
