7
3
5
1
0
2
4
6
15
11
13
9
8
10
12
14
19
20
31
28
30
17
24
26
16
27
23
21
18
22
25
29
39
35
37
33
32
34
36
38
43
44
55
52
54
41
48
50
40
51
47
45
42
46
49
53
1067.304
523.7937
24.2662
38.6848
25.133
23.4346
39.3066
24.0015
39.7163
23.3074
23.8474
41.1393
22.36
38.4307
22.025
23.2185
37.6718
21.9539
21.9978
37.3818
24.4436
39.0198
20.9133
23.676
38.891
22.8574
23.0786
37.4731
22.5406
38.3154
23.4559
26.6962
39.1462
17.3135
28.6087
39.0447
23.5598
25.1875
40.6249
22.4106
38.3517
24.7367
22.1732
37.5067
23.5571
24.1141
40.8268
23.6977
39.1355
27.9106
23.8277
23.051
39.5077
23.885
37.3435
21.6896
1
1
1
1
1
1
1
1
1
1
1
1
1
1
1
1
1
1
1
1
1
1
1
1
1
1
1
1
1
1
1
1
1
1
1
1
1
1
1
1
1
1
1
1
1
1
1
1
1
1
1
1
1
1
1
1
