4
1
7
6
3
0
5
2
12
9
15
14
11
8
13
10
20
16
28
29
31
25
18
21
26
17
22
27
24
19
23
30
36
33
39
38
35
32
37
34
44
40
52
53
55
49
42
45
50
41
46
51
48
43
47
54
28.3413
22.7895
39.8902
19.6496
38.0855
23.6199
23.3074
39.2379
19.8222
42.4368
17.6861
25.327
38.7251
19.5587
28.0126
32.2394
23.1715
38.8796
24.6546
22.8026
37.1093
15.0483
24.45
26.6915
38.5845
16.16
29.3519
29.7734
27.3655
36.1794
29.2168
24.7573
20.9307
28.5653
36.0731
18.2017
39.84
23.697
27.3256
37.7438
15.2553
26.7875
31.8044
27.6701
35.6986
17.6948
25.2271
32.4417
20.811
39.1728
21.4941
22.0547
38.9796
28.0221
37.5016
14.9902
2
2
2
2
2
2
2
2
2
2
2
2
2
2
2
2
2
2
2
2
2
2
2
2
2
2
2
2
2
2
2
2
2
2
2
2
2
2
2
2
2
2
2
2
2
2
2
2
2
2
2
2
2
2
2
2
