4
1
7
3
5
2
0
6
12
9
15
11
13
10
8
14
30
31
16
18
28
29
24
23
27
25
22
21
20
19
17
26
36
33
39
35
37
34
32
38
54
55
40
42
52
53
48
47
51
49
46
45
44
43
41
50
18.4142
34.594
35.3821
17.0821
25.79
22.11
34.6528
17.0635
34.7425
28.1106
18.3573
34.6402
18.6635
34.8974
25.5028
21.2571
36.5258
14.1183
26.0109
35.9214
20.2848
34.7722
15.8293
36.4255
27.1783
14.2265
42.3376
15.1348
22.0436
42.4431
18.6718
36.6045
13.7801
21.8611
41.4211
19.3181
28.4385
20.1379
29.4562
27.872
18.6394
15.2648
36.3808
28.9679
15.8518
35.5058
21.9599
38.0551
25.0422
14.2064
34.5644
20.7285
38.498
25.7714
15.5859
41.0347
2
2
2
2
2
2
2
2
2
2
2
2
2
2
2
2
2
2
2
2
2
2
2
2
2
2
2
2
2
2
2
2
2
2
2
2
2
2
2
2
2
2
2
2
2
2
2
2
2
2
2
2
2
2
2
2
