5
6
0
4
1
7
3
2
13
14
8
12
9
15
11
10
31
17
28
25
27
23
21
30
26
29
16
19
18
22
24
20
37
38
32
36
33
39
35
34
55
41
52
49
51
47
45
54
50
53
40
43
42
46
48
44
1752.547
317.9295
200.1441
517.9362
28.4444
26.1369
37.7466
34.8634
20.3962
29.4929
32.7277
24.8174
43.7823
16.7455
22.9586
26.8314
39.7776
37.9832
19.6349
26.4833
25.2946
40.4472
17.2697
39.0843
30.5659
30.4462
24.0964
19.6531
38.6347
27.7957
25.0347
38.82
15.437
38.7319
24.3133
28.6285
37.935
18.4438
41.3274
30.9444
19.2367
39.9115
18.7026
30.829
35.8104
21.2974
34.3368
18.6872
25.6948
37.1698
24.1857
17.6229
29.0493
29.8975
38.0097
30.8397
1
1
1
1
1
1
1
1
1
1
1
1
1
1
1
1
1
1
1
1
1
1
1
1
1
1
1
1
1
1
1
1
1
1
1
1
1
1
1
1
1
1
1
1
1
1
1
1
1
1
1
1
1
1
1
1
