2
1
4
5
0
7
3
6
10
9
12
13
8
15
11
14
16
30
27
22
25
20
26
23
29
17
19
31
21
18
24
28
34
33
36
37
32
39
35
38
40
54
51
46
49
44
50
47
53
41
43
55
45
42
48
52
10.3747
40.8767
22.6639
22.2771
42.0903
20.941
38.6402
27.3995
15.5385
43.6413
17.6699
26.7631
25.997
30.7168
43.5275
17.8034
27.7404
44.3591
171.6336
521.3618
22.9167
42.9515
22.206
34.6457
18.91
23.3288
44.3311
16.6194
25.3021
27.9376
41.6593
33.6924
23.0088
15.595
37.8303
22.7038
43.2372
23.4382
16.1702
32.1553
28.3879
23.6705
37.261
22.37
38.2835
20.316
26.5391
38.1697
20.1438
30.5703
29.6221
24.2588
43.5682
17.485
22.8022
28.7324
1
1
1
1
1
1
1
1
1
1
1
1
1
1
1
1
1
1
2
2
2
2
2
2
2
2
2
2
2
2
2
2
2
2
2
2
2
2
2
2
2
2
2
2
2
2
2
2
2
2
2
2
2
2
2
2
