3
7
4
5
2
0
6
1
11
15
12
13
10
8
14
9
25
23
27
26
30
28
20
22
18
19
16
17
31
24
21
29
35
39
36
37
34
32
38
33
49
47
51
50
54
52
44
46
42
43
40
41
55
48
45
53
23.0076
22.9088
34.3301
33.677
17.3989
26.4999
19.2521
34.5173
15.7823
37.7675
21.3701
23.6642
38.5533
15.663
38.3708
23.7464
25.5237
39.8712
16.7206
24.0506
36.4433
22.8373
36.1983
17.6257
22.5778
40.1537
15.0317
42.0105
16.2848
22.2238
38.4383
29.3365
34.4158
17.1773
29.1204
34.1053
19.8724
18.9661
29.1382
30.035
23.9305
38.963
14.174
27.1964
30.9665
23.9297
42.5355
16.29
37.1018
22.5631
21.8208
42.7963
13.9129
21.6462
28.1568
31.7926
2
2
2
2
2
2
2
2
2
2
2
2
2
2
2
2
2
2
2
2
2
2
2
2
2
2
2
2
2
2
2
2
2
2
2
2
2
2
2
2
2
2
2
2
2
2
2
2
2
2
2
2
2
2
2
2
