7
4
6
5
3
1
2
0
15
12
14
13
11
9
10
8
28
22
25
30
26
17
18
24
20
29
27
21
23
31
19
16
39
36
38
37
35
33
34
32
52
46
49
54
50
41
42
48
44
53
51
45
47
55
43
40
35.9498
18.1001
25.6754
19.7669
34.3317
21.18
35.9463
22.9863
24.3856
34.4288
20.6838
37.5115
22.8022
22.8622
35.279
22.8741
36.3662
21.0086
27.6646
29.3191
24.0711
21.0422
36.3062
26.125
33.3353
21.0497
24.8351
34.0638
27.7033
33.7339
19.8909
19.2928
28.3631
35.0333
17.8726
35.3707
21.2302
28.1632
36.7139
14.5458
28.1679
27.6018
27.292
37.5364
15.4497
27.8254
27.426
28.2398
34.3609
19.3039
27.3537
28.273
26.5138
38.2586
15.8522
24.64
2
2
2
2
2
2
2
2
2
2
2
2
2
2
2
2
2
2
2
2
2
2
2
2
2
2
2
2
2
2
2
2
2
2
2
2
2
2
2
2
2
2
2
2
2
2
2
2
2
2
2
2
2
2
2
2
