7
4
6
5
2
1
3
0
15
12
14
13
10
9
11
8
21
17
24
19
30
18
29
28
16
23
27
31
22
26
20
25
39
36
38
37
34
33
35
32
45
41
48
43
54
42
53
52
40
47
51
55
46
50
44
49
20.638
37.4111
12.5562
31.6045
40.3946
20.7513
19.55
37.3506
26.1834
20.7434
36.9161
17.735
40.476
22.0143
24.1117
39.9699
18.6619
17.848
40.2441
14.7263
42.17
16.907
198.28
507.4735
39.1158
18.1811
27.2268
36.5368
24.0327
39.2592
19.2406
37.0334
29.6264
17.4435
43.4334
18.157
20.216
36.4463
21.8089
37.1088
20.1169
29.34
31.6179
25.0109
30.49
20.8118
21.1835
41.562
21.8397
34.9297
21.3123
21.4798
43.9853
21.5569
20.1959
39.5657
1
1
1
1
1
1
1
1
1
1
1
1
1
1
1
1
1
1
1
1
1
1
2
2
2
2
2
2
2
2
2
2
2
2
2
2
2
2
2
2
2
2
2
2
2
2
2
2
2
2
2
2
2
2
2
2
