1
6
2
4
7
3
0
5
9
14
10
12
15
11
8
13
30
25
26
23
16
17
18
20
19
27
22
24
21
31
28
29
33
38
34
36
39
35
32
37
54
49
50
47
40
41
42
44
43
51
46
48
45
55
52
53
11
35.3982
21.5845
28.376
32.1279
19.7617
26.7432
36.0607
21.7927
35.1719
23.2086
35.6989
19.9383
22.8823
31.9612
21.4095
24.9998
35.8545
20.9358
39.5811
16.3993
20.9271
38.8076
22.6958
36.5004
17.1112
26.2976
20.5163
37.9724
17.2649
24.5344
30.9265
23.8419
37.0413
16.3993
24.9421
38.1008
20.0726
38.8262
16.5427
36.9947
25.9835
20.2571
34.168
20.0849
30.4501
27.8281
144.5967
504.8981
22.6559
39.045
21.6939
34.343
19.499
30.8131
33.735
2
2
2
2
2
2
2
2
2
2
2
2
2
2
2
2
2
2
2
2
2
2
2
2
2
2
2
2
2
2
2
2
2
2
2
2
2
2
2
2
2
2
2
2
2
2
2
1
1
1
1
1
1
1
1
1
