3
0
2
5
4
1
7
6
11
8
10
13
12
9
15
14
31
16
21
24
25
29
18
20
23
19
22
17
28
30
27
26
35
32
34
37
36
33
39
38
55
40
45
48
49
53
42
44
47
43
46
41
52
54
51
50
16.382
34.1443
20.0268
21.0306
41.9171
21.4498
18.0693
36.1785
26.68
30.4011
26.5982
14.0183
39.2212
23.2485
37.1005
16.9907
19.578
27.0119
27.3568
21.8397
39.371
19.3726
36.056
24.3172
17.4628
42.6587
16.9311
20.4894
45.3953
11.9434
40.8339
17.2479
24.0299
41.9397
12.6328
20.8442
3694.155
505.2071
38.4007
17.9902
25.1255
35.3212
18.765
36.9425
24.8809
16.5874
37.0294
16.8762
40.0031
18.4801
25.9444
33.1171
20.2619
35.0186
23.3184
24.8102
1
1
1
1
1
1
1
1
1
1
1
1
1
1
1
1
1
1
1
1
1
1
1
1
1
1
1
1
1
1
1
1
1
1
1
1
2
2
2
2
2
2
2
2
2
2
2
2
2
2
2
2
2
2
2
2
