3
1
2
4
7
6
5
0
11
9
10
12
15
14
13
8
17
26
31
30
27
25
16
23
19
24
22
18
21
29
28
20
35
33
34
36
39
38
37
32
41
50
55
54
51
49
40
47
43
48
46
42
45
53
52
44
22.2921
33.6544
21.3522
23.5705
36.197
23.2248
19.1261
40.8359
13.6805
39.5724
26.9396
15.5373
41.3372
20.6328
36.0947
22.9724
20.4491
39.723
17.2914
19.4982
26.3537
28.5755
38.635
18.215
21.8638
26.328
32.1366
22.4031
37.6698
22.9763
25.6987
31.4634
22.0139
38.9716
31.4828
18.7839
31.0166
20.3914
40.2397
26.4987
16.2453
31.6266
21.9488
22.5662
37.4802
24.4143
33.1258
17.3803
24.5534
37.541
25.0279
30.4525
19.7581
22.7365
26.1562
34.6101
2
2
2
2
2
2
2
2
2
2
2
2
2
2
2
2
2
2
2
2
2
2
2
2
2
2
2
2
2
2
2
2
2
2
2
2
2
2
2
2
2
2
2
2
2
2
2
2
2
2
2
2
2
2
2
2
