5
7
3
4
0
2
1
6
13
15
11
12
8
10
9
14
31
18
23
17
20
24
26
21
27
25
30
28
16
22
19
29
37
39
35
36
32
34
33
38
55
42
47
41
44
48
50
45
51
49
54
52
40
46
43
53
861.9766
518.666
39.3856
23.1079
23.3615
31.1991
33.4636
28.4807
36.4598
23.1047
13.562
31.9904
25.581
41.6675
16.9682
39.4358
28.3389
16.4791
44.7418
18.2198
28.8659
36.0066
26.759
20.3689
6.2929
29.6307
22.5591
28.5937
22.3209
38.6073
28.8378
47.1493
12.9204
21.5047
27.6851
33.385
27.7641
39.1841
20.8663
37.8251
19.1604
27.1865
39.5227
17.4601
26.6994
42.3647
31.2781
28.6605
18.4604
25.9958
39.2489
21.8212
38.7803
10.9337
36.7489
30.7353
1
1
1
1
1
1
1
1
1
1
1
1
1
1
1
1
1
1
1
1
1
1
1
1
1
1
1
1
1
1
1
1
1
1
1
1
1
1
1
1
1
1
1
1
1
1
1
1
1
1
1
1
1
1
1
1
