7
0
1
5
6
2
3
4
15
8
9
13
14
10
11
12
20
24
18
31
30
27
29
16
22
23
28
26
17
25
21
19
39
32
33
37
38
34
35
36
44
48
42
55
54
51
53
40
46
47
52
50
41
49
45
43
28.8608
18.5607
18.8396
41.2645
21.6217
36.2409
17.1654
27.6787
33.6572
17.4024
19.8158
35.5886
22.8025
39.8047
17.9187
18.746
27.9256
31.772
35.4693
23.2248
17.3088
38.375
19.9142
18.8495
37.1724
18.0953
37.0342
22.0408
21.3222
38.1245
16.9927
21.8484
24.4452
30.919
35.6629
18.586
23.2331
38.053
17.9057
40.3598
18.1451
27.5065
14.7152
33.1551
20.4487
36.2938
28.9437
18.0934
31.4247
18.8811
36.7884
25.3238
20.0454
34.821
38.6816
519.799
2
2
2
2
2
2
2
2
2
2
2
2
2
2
2
2
2
2
2
2
2
2
2
2
2
2
2
2
2
2
2
2
2
2
2
2
2
2
2
2
2
2
2
2
2
2
2
2
2
2
2
2
2
2
1
1
