3
0
5
6
2
7
4
1
11
8
13
14
10
15
12
9
25
24
17
18
16
27
29
19
20
30
26
31
23
28
22
21
35
32
37
38
34
39
36
33
49
48
41
42
40
51
53
43
44
54
50
55
47
52
46
45
32.8173
21.3854
37.8749
23.4951
23.3671
30.7804
22.2348
35.4571
19.2106
26.7006
30.5611
22.4138
21.5028
38.2423
27.1229
33.2262
19.0735
22.7452
40.3168
22.1337
16.7794
37.0117
21.2246
38.861
192.4949
506.6107
38.0547
20.7273
37.2918
19.3283
21.5976
41.3293
21.9563
18.5228
39.3591
19.9075
23.8218
37.4589
21.903
37.7232
21.2025
19.5531
37.1057
21.8101
37.2452
18.3233
22.3964
23.4943
30.9321
19.9853
35.2999
20.6617
23.1715
32.5878
22.7097
34.8483
1
1
1
1
1
1
1
1
1
1
1
1
1
1
1
1
1
1
1
1
1
1
1
1
2
2
2
2
2
2
2
2
2
2
2
2
2
2
2
2
2
2
2
2
2
2
2
2
2
2
2
2
2
2
2
2
