4
1
0
7
5
3
2
6
12
9
8
15
13
11
10
14
20
23
27
28
21
29
24
31
30
25
22
19
16
18
17
26
36
33
32
39
37
35
34
38
44
47
51
52
45
53
48
55
54
49
46
43
40
42
41
50
19.7353
24.5609
31.9521
25.0014
38.2889
20.9856
28.9967
34.6654
20.9465
39.8277
23.947
28.4005
35.4954
19.0858
37.9199
22.4157
24.7348
35.8166
22.0566
24.2923
36.5728
20.5404
38.8527
22.3549
39.8281
22.7986
25.6774
34.4509
23.0526
20.939
38.0629
27.9316
32.4246
23.6839
21.7307
37.0662
29.404
16.3322
39.9529
23.3319
36.8193
26.4497
14.7448
38.9597
22.4193
36.5325
29.3617
17.3495
26.5358
31.561
22.7227
39.6657
18.6338
29.6244
30.8965
24.0821
2
2
2
2
2
2
2
2
2
2
2
2
2
2
2
2
2
2
2
2
2
2
2
2
2
2
2
2
2
2
2
2
2
2
2
2
2
2
2
2
2
2
2
2
2
2
2
2
2
2
2
2
2
2
2
2
