7
3
5
4
0
6
2
1
15
11
13
12
8
14
10
9
23
19
20
28
22
21
29
25
31
16
30
17
24
26
18
27
39
35
37
36
32
38
34
33
47
43
44
52
46
45
53
49
55
40
54
41
48
50
42
51
38.5896
16.6964
28.2551
32.4922
22.4146
43.2928
17.5174
25.3858
33.5395
22.3375
42.9574
17.4723
22.7195
37.7196
21.9022
21.9065
38.0005
26.921
33.8006
22.7729
24.0185
37.3665
25.4735
21.8864
35.6997
23.2738
38.46
26.462
13.453
38.7978
22.8475
23.6653
39.9142
18.2344
37.6714
21.8962
22.4296
38.1325
22.605
36.2875
23.1336
35.0621
32.5744
17.0887
23.369
35.164
21.8208
39.8546
20.7984
21.5916
36.7814
21.8018
39.3034
18.6307
22.0191
39.1063
2
2
2
2
2
2
2
2
2
2
2
2
2
2
2
2
2
2
2
2
2
2
2
2
2
2
2
2
2
2
2
2
2
2
2
2
2
2
2
2
2
2
2
2
2
2
2
2
2
2
2
2
2
2
2
2
