1
3
4
0
2
6
5
7
9
11
12
8
10
14
13
15
23
21
18
27
16
20
26
30
28
31
17
25
29
24
22
19
33
35
36
32
34
38
37
39
47
45
42
51
40
44
50
54
52
55
41
49
53
48
46
43
13.3803
23.8992
37.4676
23.5673
37.2815
21.8812
24.478
34.3502
81.8954
523.5312
23.8032
22.3877
26.776
32.6198
20.9433
41.4664
15.881
28.9252
29.0737
22.8448
41.9302
16.5262
38.057
23.1565
21.613
38.6156
21.3056
26.697
33.7046
21.2499
41.5569
18.7148
25.3396
34.2237
20.5119
36.875
17.9227
26.1262
29.4838
21.9642
21.3949
37.6857
27.6547
30.5054
22.0756
22.2214
37.3933
28.7083
13.3629
36.7837
22.9625
34.6148
22.012
21.4802
38.9352
22.1187
2
2
2
2
2
2
2
2
1
1
1
1
1
1
1
1
1
1
1
1
1
1
1
1
1
1
1
1
1
1
1
1
1
1
1
1
1
1
1
1
1
1
1
1
1
1
1
1
1
1
1
1
1
1
1
1
