1
4
3
6
5
2
7
0
9
12
11
14
13
10
15
8
21
29
16
22
23
18
26
20
27
25
19
31
24
17
28
30
33
36
35
38
37
34
39
32
45
53
40
46
47
42
50
44
51
49
43
55
48
41
52
54
29.7919
26.5603
17.7923
35.0941
24.9165
16.8418
43.5045
16.3832
37.3092
20.4586
22.0274
43.3777
15.6665
22.5066
35.691
21.0978
42.1202
18.1305
20.3701
37.2942
22.7334
39.6274
18.7113
21.4731
39.194
20.2026
21.5541
38.7322
20.9548
38.4418
21.8927
22.0965
37.822
19.7301
37.6584
21.4565
23.5456
36.5408
22.3782
20.986
24.984
32.7509
35.6878
24.0513
18.8073
27.1399
31.9383
23.6519
36.3859
22.2143
25.8318
35.2845
18.718
36.2231
23.3738
23.516
1
1
1
1
1
1
1
1
1
1
1
1
1
1
1
1
1
1
1
1
1
1
1
1
1
1
1
1
1
1
1
1
1
1
1
1
1
1
1
1
1
1
1
1
1
1
1
1
1
1
1
1
1
1
1
1
