5
2
0
4
6
7
1
3
13
10
8
12
14
15
9
11
16
23
17
30
29
25
31
21
26
27
18
28
19
24
20
22
37
34
32
36
38
39
33
35
40
47
41
54
53
49
55
45
50
51
42
52
43
48
44
46
773.009
509.4176
35.2888
30.0211
22.3387
37.8773
21.6774
39.9415
26.7203
19.4516
40.0319
24.2279
23.629
41.3345
18.5516
38.825
23.4852
23.2537
40.9232
20.7126
28.6648
32.4227
20.3472
40.06
23.0403
27.4666
33.7572
23.3133
42.712
20.8367
22.5054
38.4142
24.3946
36.8011
21.4415
26.974
34.8211
22.6326
23.8636
36.3989
26.6224
34.1716
21.8149
24.777
38.2743
26.8262
21.0879
35.9849
23.8277
39.2256
28.775
17.7967
38.0827
22.1601
161.705
524.0302
1
1
1
1
1
1
1
1
1
1
1
1
1
1
1
1
1
1
1
1
1
1
1
1
1
1
1
1
1
1
1
1
1
1
1
1
1
1
1
1
1
1
1
1
1
1
1
1
1
1
1
1
1
1
2
2
