2
6
5
1
4
3
0
7
10
14
13
9
12
11
8
15
18
22
17
25
19
27
21
26
28
20
23
29
24
30
16
31
34
38
37
33
36
35
32
39
42
46
41
49
43
51
45
50
52
44
47
53
48
54
40
55
16.1915
39.145
25.7615
34.6535
21.2973
21.6094
38.1103
28.5609
17.0401
40.2587
21.7441
41.291
26.0428
17.6055
38.7661
23.7791
24.1026
39.9071
21.1318
26.9289
32.9358
22.5485
44.0682
20.2417
28.4041
32.8924
21.7303
42.9324
17.2783
27.8782
33.225
22.2711
37.0784
24.6119
29.8607
29.197
22.5939
44.265
17.7516
24.3642
34.3584
18.9862
23.5571
36.9674
23.9075
19.0198
35.9833
25.2637
37.2021
28.967
16.7833
39.7518
21.4541
37.0962
28.9615
13.5999
1
1
1
1
1
1
1
1
1
1
1
1
1
1
1
1
1
1
1
1
1
1
1
1
1
1
1
1
1
1
1
1
1
1
1
1
1
1
1
1
1
1
1
1
1
1
1
1
1
1
1
1
1
1
1
1
