7
3
6
4
0
5
2
1
15
11
14
12
8
13
10
9
29
31
30
22
26
20
19
23
24
16
25
28
17
27
21
18
39
35
38
36
32
37
34
33
53
55
54
46
50
44
43
47
48
40
49
52
41
51
45
42
1072.773
523.7331
22.8222
23.4812
43.7427
18.17
24.3958
39.2141
22.1088
43.9521
19.4354
22.2466
38.1352
24.5163
41.5541
21.5209
23.1177
36.1354
24.6028
22.0519
39.2074
23.2588
22.4201
35.1711
23.3805
37.7552
25.8212
20.9986
39.2161
23.83
37.5027
22.5453
24.3448
29.5794
29.4616
24.5763
38.5959
23.3943
27.8668
34.4935
22.3012
39.6961
22.5951
27.4686
34.0175
23.1715
37.511
22.8392
28.3239
33.1337
24.5364
22.381
40.293
25.6777
34.4833
22.2613
1
1
1
1
1
1
1
1
1
1
1
1
1
1
1
1
1
1
1
1
1
1
1
1
1
1
1
1
1
1
1
1
1
1
1
1
1
1
1
1
1
1
1
1
1
1
1
1
1
1
1
1
1
1
1
1
