1
7
3
5
0
4
2
6
9
15
11
13
8
12
10
14
23
20
31
17
18
29
16
26
30
24
25
22
27
28
21
19
33
39
35
37
32
36
34
38
47
44
55
41
42
53
40
50
54
48
49
46
51
52
45
43
17.4198
37.2815
27.6167
16.6668
36.4752
22.215
37.4454
26.9202
16.1979
37.0342
21.129
22.1645
42.6994
14.7298
20.4207
30.7231
20.0086
37.3479
20.4736
19.7574
34.9332
18.1262
43.7206
16.3638
20.0592
38.3146
21.769
21.884
34.3616
22.1645
41.0452
18.7622
19.8391
36.3424
20.9394
36.7671
22.7898
20.9429
39.4938
20.2966
21.1041
36.4914
21.8508
36.3353
21.4075
21.5553
26.5105
30.0629
23.0984
34.8159
22.1739
26.5338
29.724
20.3211
36.5917
19.7834
1
1
1
1
1
1
1
1
1
1
1
1
1
1
1
1
1
1
1
1
1
1
1
1
1
1
1
1
1
1
1
1
1
1
1
1
1
1
1
1
1
1
1
1
1
1
1
1
1
1
1
1
1
1
1
1
