5
4
6
0
1
3
7
2
13
12
14
8
9
11
15
10
30
26
27
17
20
25
18
16
22
24
19
23
21
29
31
28
37
36
38
32
33
35
39
34
54
50
51
41
44
49
42
40
46
48
43
47
45
53
55
52
20.3128
30.5809
21.5723
38.5097
20.3527
27.2932
29.0235
22.9822
36.5056
21.3866
21.7564
32.8319
21.9626
21.6501
39.7348
18.2158
34.4627
22.8341
21.2013
35.1292
27.883
14.665
27.2216
29.5343
37.4763
24.9461
16.1216
27.6689
31.5843
34.9597
25.1294
15.8704
24.9579
32.1409
20.8517
41.3933
18.2933
26.0629
29.0129
22.5978
40.8197
15.307
23.864
33.0966
18.6453
42.0123
19.6803
23.8537
28.4503
22.6425
38.7724
20.7114
24.4969
31.9663
19.0356
21.8512
1
1
1
1
1
1
1
1
1
1
1
1
1
1
1
1
1
1
1
1
1
1
1
1
1
1
1
1
1
1
1
1
1
1
1
1
1
1
1
1
1
1
1
1
1
1
1
1
1
1
1
1
1
1
1
1
