1
0
6
7
2
4
5
3
9
8
14
15
10
12
13
11
25
31
26
23
28
22
18
30
16
27
21
24
17
20
19
29
33
32
38
39
34
36
37
35
49
55
50
47
52
46
42
54
40
51
45
48
41
44
43
53
35.6586
24.3993
22.9739
35.9861
25.2775
35.4073
23.0099
22.2873
46.1439
14.3624
24.3215
36.3796
21.3925
44.9315
16.4748
21.0089
38.6425
23.8439
39.5397
20.3697
20.7008
39.1331
21.976
22.7065
36.2701
24.7841
37.2791
22.2514
23.2015
35.8478
22.8866
22.6038
37.5857
22.8475
39.386
17.3313
20.4321
27.981
31.9675
37.2692
21.769
22.5927
25.0678
34.2537
22.7523
36.5633
21.417
28.604
33.2388
20.7671
36.214
30.3201
20.2275
30.5319
23.1505
35.6594
1
1
1
1
1
1
1
1
1
1
1
1
1
1
1
1
1
1
1
1
1
1
1
1
1
1
1
1
1
1
1
1
1
1
1
1
1
1
1
1
1
1
1
1
1
1
1
1
1
1
1
1
1
1
1
1
