1
3
6
2
5
4
0
7
9
11
14
10
13
12
8
15
18
23
31
16
19
25
21
20
27
22
29
17
28
24
26
30
33
35
38
34
37
36
32
39
42
47
55
40
43
49
45
44
51
46
53
41
52
48
50
54
16.0801
25.7951
30.8052
22.3897
23.5855
37.6683
28.2907
31.7218
22.3478
21.1804
37.9468
24.2982
16.841
37.3933
19.4204
38.3331
25.9721
15.4508
39.6301
21.7429
38.9558
27.1573
12.3867
28.5246
30.4489
22.9684
42.4141
15.3346
27.2453
32.6174
21.0619
43.2208
17.2219
19.4923
37.6837
21.2835
44.6545
14.3719
27.5057
31.5393
21.4462
40.8434
17.6588
25.5422
32.5834
22.6065
24.0825
35.5622
25.6438
32.3318
20.4791
22.0479
37.6801
27.6653
15.5594
35.5124
1
1
1
1
1
1
1
1
1
1
1
1
1
1
1
1
1
1
1
1
1
1
1
1
1
1
1
1
1
1
1
1
1
1
1
1
1
1
1
1
1
1
1
1
1
1
1
1
1
1
1
1
1
1
1
1
