6
0
5
3
2
4
1
7
14
8
13
11
10
12
9
15
26
28
20
29
21
19
16
30
23
17
24
27
22
25
18
31
38
32
37
35
34
36
33
39
50
52
44
53
45
43
40
54
47
41
48
51
46
49
42
55
1455.227
523.853
24.9217
38.5932
22.5825
45.1544
19.3228
23.7918
42.7967
23.279
22.7935
37.7999
24.2129
45.188
24.0778
17.2195
40.4409
27.0163
40.5918
22.4624
18.7042
28.3733
35.0179
24.9138
42.3498
19.1028
29.8003
42.6896
13.2705
45.4349
19.3999
25.7394
46.6059
16.476
35.7586
23.8621
30.7469
33.0189
23.2122
38.9946
24.5053
22.9325
28.5653
34.7666
22.701
38.7283
23.6839
25.2828
34.6892
23.6733
37.8501
21.4645
24.0217
35.4588
21.2014
24.8355
1
1
1
1
1
1
1
1
1
1
1
1
1
1
1
1
1
1
1
1
1
1
1
1
1
1
1
1
1
1
1
1
1
1
1
1
1
1
1
1
1
1
1
1
1
1
1
1
1
1
1
1
1
1
1
1
