0
2
6
4
5
3
7
1
8
10
14
12
13
11
15
9
28
22
30
18
26
31
25
21
16
23
24
27
19
29
20
17
32
34
38
36
37
35
39
33
52
46
54
42
50
55
49
45
40
47
48
51
43
53
44
41
10.6864
28.2959
17.7359
39.7397
17.4036
37.3764
28.19
19.0036
37.3788
18.8918
21.7339
42.2906
21.3179
38.3858
11.4173
29.4586
39.0444
28.5487
36.6041
18.4604
22.178
40.0826
26.9128
17.666
36.6147
26.735
37.1402
19.8957
21.3353
39.3087
21.647
23.0455
41.7975
21.1417
38.3344
25.9314
21.1733
41.2705
18.5659
37.6972
22.9547
24.19
41.9449
17.0046
25.0757
28.8099
34.5079
41.4799
16.2256
23.8222
45.924
15.5682
21.9429
36.4887
22.4178
26.3419
2
2
2
2
2
2
2
2
2
2
2
2
2
2
2
2
2
2
2
2
2
2
2
2
2
2
2
2
2
2
2
2
2
2
2
2
2
2
2
2
2
2
2
2
2
2
2
2
2
2
2
2
2
2
2
2
