0
4
3
2
6
5
7
1
8
12
11
10
14
13
15
9
19
30
24
27
25
22
17
23
31
18
28
20
29
21
16
26
32
36
35
34
38
37
39
33
43
54
48
51
49
46
41
47
55
42
52
44
53
45
40
50
25.3835
22.699
35.7898
19.1613
38.0776
31.5686
17.7311
38.0658
16.0419
31.0266
35.2008
19.6385
40.2509
14.9104
31.537
30.2258
26.1223
34.8452
19.618
24.205
35.9755
27.2352
40.6305
17.3199
23.1182
45.0122
20.5333
17.5356
36.9371
25.8931
40.6199
21.3045
16.4618
39.2048
20.6151
23.9518
38.3858
15.1632
24.8186
37.7952
17.7205
36.8012
23.8759
19.8234
47.0598
14.9546
38.1428
18.3534
23.9739
39.9479
22.1661
41.4937
17.4605
22.321
27.4975
35.533
2
2
2
2
2
2
2
2
2
2
2
2
2
2
2
2
2
2
2
2
2
2
2
2
2
2
2
2
2
2
2
2
2
2
2
2
2
2
2
2
2
2
2
2
2
2
2
2
2
2
2
2
2
2
2
2
