7
4
1
2
5
6
0
3
15
12
9
10
13
14
8
11
20
31
22
24
27
16
18
26
17
25
21
23
19
28
29
30
39
36
33
34
37
38
32
35
44
55
46
48
51
40
42
50
41
49
45
47
43
52
53
54
34.6536
23.6298
29.3997
23.0945
25.2464
36.9521
26.0433
36.4346
20.3168
22.3866
27.4473
39.9368
35.7349
23.0167
22.2064
41.8355
27.7116
19.2912
37.9267
23.7598
26.8567
39.5575
19.373
30.9329
33.6091
26.8642
33.4151
22.7781
30.0843
33.3827
22.1732
45.2836
18.3589
28.6902
33.517
24.1951
43.268
18.6508
31.6421
19.8506
34.0093
34.8682
22.6994
33.2836
17.6889
40.6673
19.7633
36.8454
25.3507
26.317
37.2808
20.5503
32.0845
30.0294
22.5679
43.3715
1
1
1
1
1
1
1
1
1
1
1
1
1
1
1
1
1
1
1
1
1
1
1
1
1
1
1
1
1
1
1
1
1
1
1
1
1
1
1
1
1
1
1
1
1
1
1
1
1
1
1
1
1
1
1
1
