1
3
6
7
4
0
5
2
9
11
14
15
12
8
13
10
17
18
22
29
30
28
21
20
19
24
27
31
16
23
25
26
33
35
38
39
36
32
37
34
41
42
46
53
54
52
45
44
43
48
51
55
40
47
49
50
11.1324
28.3733
38.131
22.6157
35.4137
19.5389
306.6758
520.6593
24.5144
44.3299
12.465
43.6788
18.7326
24.5756
44.2363
21.5419
16.0288
36.9885
26.4091
25.3238
39.3853
18.4849
38.1784
25.7398
26.1033
32.7795
24.0103
27.996
35.5524
27.4382
36.1201
21.4202
17.1662
32.8399
18.7516
42.2957
19.4556
28.7569
34.4608
25.1342
39.2553
12.8478
31.9775
21.7067
35.6658
38.8405
16.2279
26.0369
37.0058
26.2068
18.7445
36.8877
27.7902
17.7386
39.84
18.4644
1
1
1
1
1
1
2
2
2
2
2
2
2
2
2
2
2
2
2
2
2
2
2
2
2
2
2
2
2
2
2
2
2
2
2
2
2
2
2
2
2
2
2
2
2
2
2
2
2
2
2
2
2
2
2
2
