0
4
6
1
5
2
3
7
8
12
14
9
13
10
11
15
23
24
22
31
27
30
26
28
16
25
21
17
20
18
19
29
32
36
38
33
37
34
35
39
47
48
46
55
51
54
50
52
40
49
45
41
44
42
43
53
25.7027
22.9795
39.2
28.1624
23.3304
34.9329
21.2097
39.1969
23.4046
27.8886
32.6526
21.6047
24.0257
45.9706
19.1822
30.8946
23.5152
20.796
28.9142
36.8861
35.1648
21.1547
26.5462
39.1957
25.0449
31.2577
24.6277
25.3175
26.014
36.1936
18.4881
39.0404
24.4053
25.5273
39.4864
13.293
25.0836
38.6517
21.3302
42.4707
15.117
27.2754
30.6892
27.8625
33.7999
22.9124
28.6309
31.9392
28.286
35.968
19.7124
29.3942
20.4776
37.9469
18.125
37.7371
2
2
2
2
2
2
2
2
2
2
2
2
2
2
2
2
2
2
2
2
2
2
2
2
2
2
2
2
2
2
2
2
2
2
2
2
2
2
2
2
2
2
2
2
2
2
2
2
2
2
2
2
2
2
2
2
