5
7
4
0
2
6
3
1
13
15
12
8
10
14
11
9
16
25
31
17
24
23
18
26
29
21
28
30
22
20
27
19
37
39
36
32
34
38
35
33
40
49
55
41
48
47
42
50
53
45
52
54
46
44
51
43
13.7481
37.4984
22.8211
27.7459
33.3404
20.5989
27.4635
35.6092
26.8049
16.5333
31.4943
34.8566
22.0894
37.5873
19.7408
37.2397
29.1227
20.41
38.2617
20.4906
37.5739
26.6832
23.1778
37.3989
17.6296
38.9171
23.981
16.0466
42.6287
18.2008
24.6443
38.2498
19.7542
37.4644
20.4515
21.9144
47.098
16.6664
38.2751
20.1465
25.2452
40.9738
20.395
36.9347
12.2571
30.2198
43.036
22.4991
17.1073
37.9053
22.9329
25.0394
39.2778
18.5884
27.3256
36.6601
2
2
2
2
2
2
2
2
2
2
2
2
2
2
2
2
2
2
2
2
2
2
2
2
2
2
2
2
2
2
2
2
2
2
2
2
2
2
2
2
2
2
2
2
2
2
2
2
2
2
2
2
2
2
2
2
