3
2
1
6
0
5
4
7
11
10
9
14
8
13
12
15
30
27
26
24
22
21
20
18
31
28
19
25
29
16
23
17
35
34
33
38
32
37
36
39
54
51
50
48
46
45
44
42
55
52
43
49
53
40
47
41
13.2539
42.6295
16.9817
28.7
38.3407
18.7014
43.1545
16.6601
23.4761
38.044
21.7667
42.7456
18.0108
22.2739
28.7608
33.8745
42.0598
17.2045
24.6206
24.9204
35.0925
18.9985
38.4999
23.0123
24.6937
36.4894
22.1692
35.7499
22.3683
29.4787
34.0796
21.8085
39.1209
26.7361
12.6313
38.8077
20.7486
23.2651
34.5426
28.4318
34.8875
18.2372
25.2562
26.0641
37.0899
35.3066
20.7506
24.3259
26.3126
33.5221
23.6215
26.7662
33.3882
26.1858
36.7277
15.352
2
2
2
2
2
2
2
2
2
2
2
2
2
2
2
2
2
2
2
2
2
2
2
2
2
2
2
2
2
2
2
2
2
2
2
2
2
2
2
2
2
2
2
2
2
2
2
2
2
2
2
2
2
2
2
2
