5
1
7
0
2
6
3
4
13
9
15
8
10
14
11
12
21
23
28
30
22
17
29
31
20
19
25
24
26
18
27
16
37
33
39
32
34
38
35
36
45
47
52
54
46
41
53
55
44
43
49
48
50
42
51
40
21.9448
33.6707
24.5309
37.4866
17.7805
30.8997
28.2777
27.1968
39.2027
18.2143
29.2665
29.4885
26.0199
40.1343
18.0835
24.2504
30.921
27.5275
35.5049
17.2187
28.7853
30.3344
26.8436
18.8969
36.9647
28.9935
21.6734
28.9058
21.4787
40.4665
28.6218
13.5478
42.4339
19.0731
38.9108
25.1792
24.7166
31.6345
21.4127
30.637
30.4553
25.9334
41.2219
18.0025
19.3232
43.8261
20.041
31.5883
22.6856
26.7642
35.3892
24.2164
17.2104
38.8088
21.9354
39.8917
2
2
2
2
2
2
2
2
2
2
2
2
2
2
2
2
2
2
2
2
2
2
2
2
2
2
2
2
2
2
2
2
2
2
2
2
2
2
2
2
2
2
2
2
2
2
2
2
2
2
2
2
2
2
2
2
