4
6
2
7
5
1
0
3
12
14
10
15
13
9
8
11
21
22
17
24
19
23
18
27
25
29
16
20
28
30
31
26
36
38
34
39
37
33
32
35
45
46
41
48
43
47
42
51
49
53
40
44
52
54
55
50
13.1654
16.954
27.5737
31.4453
21.1907
38.1677
16.5139
28.4167
38.1985
13.536
40.38
15.8131
24.4187
38.4355
19.5986
43.0664
17.632
23.5812
36.4452
24.7367
21.1057
36.7533
22.7101
41.4285
18.1914
22.844
37.1124
30.2076
18.0073
34.6639
22.2617
37.4901
18.5975
28.9635
34.042
18.2241
36.7221
21.9895
30.4418
29.8785
19.9119
37.1318
28.6806
20.3484
32.2085
24.0406
22.6453
36.8782
28.2994
31.9917
21.0338
25.5391
24.1434
36.3938
19.2817
29.5217
2
2
2
2
2
2
2
2
2
2
2
2
2
2
2
2
2
2
2
2
2
2
2
2
2
2
2
2
2
2
2
2
2
2
2
2
2
2
2
2
2
2
2
2
2
2
2
2
2
2
2
2
2
2
2
2
