2
4
5
6
3
1
7
0
10
12
13
14
11
9
15
8
24
22
21
23
28
26
29
20
16
27
19
30
25
18
31
17
34
36
37
38
35
33
39
32
48
46
45
47
52
50
53
44
40
51
43
54
49
42
55
41
1146.616
509.8346
40.5542
17.8026
28.1224
23.3153
34.8503
21.9132
37.2705
23.309
28.9552
31.3236
25.3044
37.7536
21.6335
27.4808
33.6244
21.63
38.9005
22.8298
27.3145
36.7881
22.4454
21.9784
41.5032
17.8852
40.5333
19.0407
22.7385
29.0903
36.3069
35.6764
21.4435
23.8818
26.4596
35.6171
22.1195
35.8028
25.758
41.0188
20.0817
19.2987
36.6238
24.3259
26.2755
33.6596
18.4019
29.6248
30.6319
28.0233
35.917
18.0448
28.1133
34.3079
26.1151
37.5431
2
2
2
2
2
2
2
2
2
2
2
2
2
2
2
2
2
2
2
2
2
2
2
2
2
2
2
2
2
2
2
2
2
2
2
2
2
2
2
2
2
2
2
2
2
2
2
2
2
2
2
2
2
2
2
2
