1
5
3
2
6
0
7
4
9
13
11
10
14
8
15
12
19
29
28
30
16
22
20
26
18
23
17
31
24
27
25
21
33
37
35
34
38
32
39
36
43
53
52
54
40
46
44
50
42
47
41
55
48
51
49
45
25.3921
24.1635
38.5714
17.7588
36.3922
22.0278
25.086
38.7626
17.2211
26.168
33.1911
27.9905
37.2329
15.3963
26.1266
34.684
25.163
40.079
16.3851
26.217
34.3419
23.7447
36.8671
13.2543
31.9091
35.7143
25.0939
37.7374
17.5194
27.7866
20.0391
35.6108
16.5724
28.4452
35.8866
19.9261
32.4614
19.5385
38.0859
27.689
19.7562
35.5788
20.0801
36.5961
28.0181
16.8659
42.4268
14.4284
29.0631
34.2297
19.3675
36.4005
19.1521
23.6661
40.9015
16.297
2
2
2
2
2
2
2
2
2
2
2
2
2
2
2
2
2
2
2
2
2
2
2
2
2
2
2
2
2
2
2
2
2
2
2
2
2
2
2
2
2
2
2
2
2
2
2
2
2
2
2
2
2
2
2
2
