6
7
1
4
2
0
3
5
14
15
9
12
10
8
11
13
26
25
19
16
24
20
31
23
18
29
21
28
30
17
22
27
38
39
33
36
34
32
35
37
50
49
43
40
48
44
55
47
42
53
45
52
54
41
46
51
1232.172
510.0037
39.9067
23.9885
24.0525
40.6981
22.7148
40.7312
22.6651
22.5529
39.7388
24.2757
23.9202
39.4362
22.3699
22.5153
40.4203
24.3504
40.3449
23.4137
23.4232
39.5042
22.4995
39.9012
23.3473
23.6748
41.3926
25.0737
22.8345
40.7917
24.0008
23.4196
40.4065
23.9435
39.01
23.8621
23.3975
41.0224
25.1219
38.9653
24.9544
25.0437
37.8655
23.2391
24.4586
40.811
22.9914
39.1139
24.6743
23.1277
38.46
24.6664
24.715
37.5506
24.2828
40.2244
1
1
1
1
1
1
1
1
1
1
1
1
1
1
1
1
1
1
1
1
1
1
1
1
1
1
1
1
1
1
1
1
1
1
1
1
1
1
1
1
1
1
1
1
1
1
1
1
1
1
1
1
1
1
1
1
