1
2
6
3
0
7
4
5
9
10
14
11
8
15
12
13
16
27
24
26
28
30
29
22
21
25
19
20
31
18
17
23
33
34
38
35
32
39
36
37
40
51
48
50
52
54
53
46
45
49
43
44
55
42
41
47
17.2096
37.0512
23.5658
23.7376
38.3427
23.3679
23.4204
37.329
22.4968
37.5115
23.7163
22.3719
37.8643
22.0025
41.216
21.9409
24.0193
37.6225
23.6492
22.9258
36.6933
21.564
39.9707
22.7848
21.2013
32.5558
25.3815
37.9081
22.7567
36.5325
22.6066
23.2343
39.2403
22.4237
21.9875
37.5103
23.7791
36.3235
21.9271
24.5139
40.1537
22.0819
36.4993
23.5283
23.2825
37.5277
23.1111
24.2101
36.1256
25.1069
37.1464
23.3126
21.3515
39.714
22.3454
21.739
1
1
1
1
1
1
1
1
1
1
1
1
1
1
1
1
1
1
1
1
1
1
1
1
1
1
1
1
1
1
1
1
1
1
1
1
1
1
1
1
1
1
1
1
1
1
1
1
1
1
1
1
1
1
1
1
