5
3
6
2
7
4
1
0
13
11
14
10
15
12
9
8
27
29
16
28
26
23
31
25
22
24
20
17
30
21
19
18
37
35
38
34
39
36
33
32
51
53
40
52
50
47
55
49
46
48
44
41
54
45
43
42
20.6917
22.6362
38.7575
25.1326
38.0057
23.2209
23.0542
39.5354
19.0246
24.5803
39.855
24.7731
36.4563
23.4994
23.772
40.8095
20.8316
24.4093
36.9248
23.6191
37.9571
25.2255
23.3623
38.1811
22.8413
40.0371
23.7637
22.2471
39.1071
23.4951
23.4145
38.1523
23.5753
38.1863
24.1691
18.7472
39.6215
25.3388
23.0585
37.5249
24.3038
36.7253
24.5637
22.4407
40.6475
22.1084
22.7322
39.7989
23.0949
38.7314
22.5236
23.0558
40.8569
21.6256
23.115
40.5432
1
1
1
1
1
1
1
1
1
1
1
1
1
1
1
1
1
1
1
1
1
1
1
1
1
1
1
1
1
1
1
1
1
1
1
1
1
1
1
1
1
1
1
1
1
1
1
1
1
1
1
1
1
1
1
1
