7
5
4
2
1
0
3
6
15
13
12
10
9
8
11
14
16
30
27
24
28
29
21
20
25
19
18
31
23
22
17
26
39
37
36
34
33
32
35
38
40
54
51
48
52
53
45
44
49
43
42
55
47
46
41
50
19.9763
23.0301
38.2194
25.854
25.5419
36.0225
25.9986
39.3695
26.5307
23.5018
25.5229
39.74
24.0849
40.3871
22.1708
22.5525
40.4812
23.1253
25.4305
38.1515
24.5242
34.0223
29.5759
22.0993
51.9384
5.4708
41.2614
23.2873
23.5828
38.7962
25.6075
38.8349
23.8404
24.2528
38.3083
22.7148
22.2281
39.8558
25.6079
39.2683
21.4013
23.3161
38.8428
24.252
24.7609
35.3544
22.7946
39.2426
24.4914
23.3216
38.5726
23.7965
38.3846
23.7779
25.2511
37.2093
1
1
1
1
1
1
1
1
1
1
1
1
1
1
1
1
1
1
1
1
1
1
1
1
1
1
1
1
1
1
1
1
1
1
1
1
1
1
1
1
1
1
1
1
1
1
1
1
1
1
1
1
1
1
1
1
