1
5
0
7
2
4
6
3
9
13
8
15
10
12
14
11
16
27
24
23
20
30
19
31
29
18
25
17
22
21
26
28
33
37
32
39
34
36
38
35
40
51
48
47
44
54
43
55
53
42
49
41
46
45
50
52
19.9439
39.9656
22.8025
23.311
41.8524
21.9844
22.8085
40.267
21.645
23.7562
38.4482
22.9049
38.9653
22.9404
22.0393
41.5976
19.9083
23.8431
39.4256
24.0533
37.7209
22.9135
23.2814
39.9937
21.809
23.2837
40.0901
21.6667
37.3049
23.8336
23.2774
37.5348
21.7766
23.74
39.5421
22.1669
38.7792
23.7341
23.0814
38.3925
22.9369
38.4308
22.1373
22.5738
40.5657
23.1968
22.667
37.5466
23.8384
37.0844
21.5111
10.0539
39.2837
22.4268
21.8014
38.6678
1
1
1
1
1
1
1
1
1
1
1
1
1
1
1
1
1
1
1
1
1
1
1
1
1
1
1
1
1
1
1
1
1
1
1
1
1
1
1
1
1
1
1
1
1
1
1
1
1
1
1
1
1
1
1
1
