4
6
2
7
0
3
1
5
12
14
10
15
8
11
9
13
30
24
26
16
22
21
19
17
29
31
28
18
20
25
27
23
36
38
34
39
32
35
33
37
54
48
50
40
46
45
43
41
53
55
52
42
44
49
51
47
34.08
22.5856
38.0353
23.6796
22.2743
39.2833
21.7098
21.7821
36.6234
24.8142
24.156
37.4578
20.7119
37.0836
23.0866
39.3726
23.4868
22.9815
37.6932
22.0855
22.2265
38.2443
22.9637
38.0124
21.8133
21.6414
38.1922
23.9581
21.3586
39.0783
18.9858
37.5988
23.217
22.3964
38.4083
21.7453
22.8543
38.8239
24.3393
36.6621
22.8689
22.9258
36.4203
23.8313
39.0297
21.4419
22.1151
36.6404
24.7245
22.1953
37.5332
22.6591
38.2562
23.0455
21.7343
37.3855
1
1
1
1
1
1
1
1
1
1
1
1
1
1
1
1
1
1
1
1
1
1
1
1
1
1
1
1
1
1
1
1
1
1
1
1
1
1
1
1
1
1
1
1
1
1
1
1
1
1
1
1
1
1
1
1
