6
1
7
2
5
0
3
4
14
9
15
10
13
8
11
12
29
24
16
31
27
17
18
30
19
21
25
20
22
23
26
28
38
33
39
34
37
32
35
36
53
48
40
55
51
41
42
54
43
45
49
44
46
47
50
52
17.598
36.3689
21.7659
26.2933
29.8978
21.0548
37.5735
20.6305
25.8366
30.3624
21.675
39.4267
21.7433
28.9232
33.4794
24.6427
23.563
37.4968
29.5276
19.5405
256.0757
522.3575
23.6602
36.0327
29.8437
33.7019
21.0311
22.8776
36.5629
28.2038
32.8951
24.3342
21.7793
37.9926
28.1678
16.4262
38.7922
23.5527
37.3467
25.8145
19.3536
29.1211
31.6282
23.3678
37.0686
20.2382
29.1741
30.3675
23.0186
41.7082
17.4901
28.4997
31.7586
22.9684
43.0143
17.5988
1
1
1
1
1
1
1
1
1
1
1
1
1
1
1
1
1
1
1
1
2
2
2
2
2
2
2
2
2
2
2
2
2
2
2
2
2
2
2
2
2
2
2
2
2
2
2
2
2
2
2
2
2
2
2
2
