4
6
0
1
2
5
7
3
12
14
8
9
10
13
15
11
23
20
30
26
17
16
31
28
27
24
25
21
29
22
19
18
36
38
32
33
34
37
39
35
47
44
54
50
41
40
55
52
51
48
49
45
53
46
43
42
35.1632
22.2139
22.9104
26.8199
33.4336
20.4333
40.5202
19.42
26.0092
32.8995
21.7046
34.5868
25.6311
25.4123
32.0153
22.106
34.5844
22.8551
23.256
31.7906
21.4305
37.5735
20.6143
26.7543
32.8509
24.5748
37.6904
24.7229
27.4895
29.7145
20.9252
22.3395
36.7154
27.5828
33.9247
20.186
23.1466
35.3299
25.7082
33.9132
99.3228
522.2346
21.1523
28.8505
31.8324
19.3224
40.4926
22.1661
26.8361
31.3753
20.8047
21.9508
41.5549
23.7992
32.7154
22.5125
2
2
2
2
2
2
2
2
2
2
2
2
2
2
2
2
2
2
2
2
2
2
2
2
2
2
2
2
2
2
2
2
2
2
2
2
2
2
2
2
1
1
1
1
1
1
1
1
1
1
1
1
1
1
1
1
