0
2
3
6
7
5
4
1
8
10
11
14
15
13
12
9
29
18
27
23
25
21
19
24
28
26
16
17
30
22
20
31
32
34
35
38
39
37
36
33
53
42
51
47
49
45
43
48
52
50
40
41
54
46
44
55
15.0712
36.8469
26.8562
14.7263
28.8371
29.9934
38.0385
25.7998
14.9684
27.2604
32.8059
34.8258
24.5495
18.6789
34.9799
22.8238
20.0537
39.3165
21.903
25.2254
34.0629
21.8824
40.9943
14.7365
27.1822
32.1465
20.5202
40.6585
16.8825
25.6406
33.7655
22.8641
21.8792
37.4127
25.3708
33.5956
20.7596
21.0461
36.9145
25.6849
15.8554
36.1904
21.5889
38.0689
21.4779
18.1688
37.2669
21.3854
37.9614
25.5988
14.0689
36.9536
14.2534
20.4819
44.2488
14.2376
1
1
1
1
1
1
1
1
1
1
1
1
1
1
1
1
1
1
1
1
1
1
1
1
1
1
1
1
1
1
1
1
1
1
1
1
1
1
1
1
1
1
1
1
1
1
1
1
1
1
1
1
1
1
1
1
