7
5
4
3
2
0
6
1
15
13
12
11
10
8
14
9
26
19
27
22
25
20
28
18
30
16
17
29
21
23
24
31
39
37
36
35
34
32
38
33
50
43
51
46
49
44
52
42
54
40
41
53
45
47
48
55
20.9453
31.902
23.9178
43.2837
15.8557
27.3904
33.6189
23.9261
20.7379
36.5009
26.5106
20.7841
36.0308
23.019
37.5581
24.1971
19.5274
35.5128
23.3264
36.9951
28.7865
13.9057
39.4093
20.4871
23.7368
41.6003
19.1739
36.9777
22.4936
22.268
44.8975
14.7116
22.3304
36.6229
25.5146
40.3172
16.1548
23.4789
38.6852
20.5629
43.403
16.8221
21.3676
37.6596
21.2073
23.4852
37.5758
22.2115
39.239
22.2364
22.8242
38.3387
19.4962
22.8203
38.0017
19.4642
2
2
2
2
2
2
2
2
2
2
2
2
2
2
2
2
2
2
2
2
2
2
2
2
2
2
2
2
2
2
2
2
2
2
2
2
2
2
2
2
2
2
2
2
2
2
2
2
2
2
2
2
2
2
2
2
