4
6
3
5
7
0
1
2
12
14
11
13
15
8
9
10
28
25
20
31
29
26
27
24
30
22
18
17
23
16
19
21
36
38
35
37
39
32
33
34
52
49
44
55
53
50
51
48
54
46
42
41
47
40
43
45
1128.165
508.1586
38.622
22.3995
26.8151
38.6374
24.4653
39.3817
22.9325
19.0862
44.393
19.3702
37.7177
24.2409
24.3978
43.1525
15.5733
24.5759
39.1166
23.9751
41.2926
21.2148
18.746
41.3009
22.5718
40.3231
21.1255
25.707
37.5012
23.1944
23.2106
37.2626
22.9574
37.3621
23.2979
23.0198
37.0271
23.8178
39.8755
25.0449
21.5786
40.4084
21.0445
21.9061
28.5957
33.5348
25.4305
38.3873
21.101
39.3208
24.1339
21.1855
39.4642
19.3844
29.0255
34.0835
1
1
1
1
1
1
1
1
1
1
1
1
1
1
1
1
1
1
1
1
1
1
1
1
1
1
1
1
1
1
1
1
1
1
1
1
1
1
1
1
1
1
1
1
1
1
1
1
1
1
1
1
1
1
1
1
