7
1
2
4
6
3
5
0
15
9
10
12
14
11
13
8
16
17
31
28
18
24
23
20
27
25
21
22
26
19
30
29
39
33
34
36
38
35
37
32
40
41
55
52
42
48
47
44
51
49
45
46
50
43
54
53
31.2067
20.3911
22.5892
39.8356
19.1976
35.3216
20.4499
23.0237
41.6359
16.0177
22.3964
33.4937
21.5585
41.3005
14.6962
25.0125
35.2205
20.6885
22.6796
38.6962
17.9433
36.6399
22.0792
21.1914
38.1056
19.5855
23.2608
33.927
21.7272
36.2358
22.9408
17.035
23.6294
28.1615
35.9885
19.9952
20.9015
23.5792
31.9707
21.2223
39.004
19.8336
27.5942
30.494
20.9722
34.2609
24.9753
25.2705
30.2131
22.5173
33.9306
23
20.9963
31.949
22.62
22.5339
1
1
1
1
1
1
1
1
1
1
1
1
1
1
1
1
1
1
1
1
1
1
1
1
1
1
1
1
1
1
1
1
1
1
1
1
1
1
1
1
1
1
1
1
1
1
1
1
1
1
1
1
1
1
1
1
