4
7
3
5
0
2
6
1
12
15
11
13
8
10
14
9
25
16
17
19
24
26
22
20
30
27
29
23
28
18
21
31
36
39
35
37
32
34
38
33
49
40
41
43
48
50
46
44
54
51
53
47
52
42
45
55
14.6164
37.4522
21.8334
36.0003
21.4759
20.0687
36.3259
25.8484
14.3589
26.1439
32.4282
36.44
25.7445
16.1947
36.7051
19.2572
22.8957
42.3308
14.7915
25.0374
31.3647
23.4852
40.2291
16.9133
24.1564
30.5714
21.5798
42.8053
15.2841
25.3578
32.3689
20.5838
40.6111
16.3922
22.7148
30.3126
23.2948
20.25
36.1955
24.8742
30.5358
20.1046
22.14
38.2664
24.7261
15.806
36.5396
20.1208
39.1806
26.3691
13.0587
36.263
21.0362
22.4165
39.8411
14.6279
2
2
2
2
2
2
2
2
2
2
2
2
2
2
2
2
2
2
2
2
2
2
2
2
2
2
2
2
2
2
2
2
2
2
2
2
2
2
2
2
2
2
2
2
2
2
2
2
2
2
2
2
2
2
2
2
