0
7
5
2
1
6
4
3
8
15
13
10
9
14
12
11
29
16
31
19
30
17
18
21
27
20
25
24
26
28
22
23
32
39
37
34
33
38
36
35
53
40
55
43
54
41
42
45
51
44
49
48
50
52
46
47
15.1751
25.0627
33.1899
22.4932
37.3665
22.5311
23.3971
32.2176
20.9513
43.179
15.5452
23.9912
34.2194
21.6928
42.3332
16.4946
27.258
31.9652
23.032
22.6085
37.3985
24.6115
34.2806
23.3556
21.3609
37.5849
26.9511
17.402
36.4878
22.4067
38.65
24.9501
15.4141
37.4016
23.0917
37.0275
27.2521
14.5603
35.9458
21.2234
23.2181
41.4664
17.9693
23.1016
35.8929
20.8339
43.5559
121.6141
523.9231
21.7473
42.157
16.9576
20.557
37.7347
21.0054
41.2187
1
1
1
1
1
1
1
1
1
1
1
1
1
1
1
1
1
1
1
1
1
1
1
1
1
1
1
1
1
1
1
1
1
1
1
1
1
1
1
1
1
1
1
1
1
1
1
2
2
2
2
2
2
2
2
2
