6
2
3
4
7
0
1
5
14
10
11
12
15
8
9
13
31
22
26
19
21
16
25
23
24
20
29
28
30
17
18
27
38
34
35
36
39
32
33
37
55
46
50
43
45
40
49
47
48
44
53
52
54
41
42
51
1000.543
520.7978
26.6844
33.8054
23.3398
23.4666
38.4884
26.6591
34.4691
22.7302
23.8933
39.8546
21.1843
22.4015
40.0003
21.7742
38.7342
27.6977
18.7464
37.6987
23.2778
38.8021
27.2011
15.375
37.3783
23.4014
23.9589
43.9845
17.6126
38.503
22.5315
25.6647
37.1768
23.1114
23.6274
38.1795
22.9206
41.5723
20.2552
24.6877
39.0684
20.9876
38.6954
22.3632
25.1737
26.9842
35.0407
23.7032
37.7335
23.9731
36.7312
21.2807
24.0071
40.1568
23.1209
22.3687
1
1
1
1
1
1
1
1
1
1
1
1
1
1
1
1
1
1
1
1
1
1
1
1
1
1
1
1
1
1
1
1
1
1
1
1
1
1
1
1
1
1
1
1
1
1
1
1
1
1
1
1
1
1
1
1
