6
7
4
0
2
3
5
1
14
15
12
8
10
11
13
9
24
28
26
29
31
22
21
17
27
25
20
23
19
16
18
30
38
39
36
32
34
35
37
33
48
52
50
53
55
46
45
41
51
49
44
47
43
40
42
54
31.742
20.2856
39.258
20.0991
24.2054
27.8075
34.5347
24.3693
34.6374
26.8234
25.5217
29.948
20.559
33.6035
22.9234
27.4476
31.0071
20.8015
36.2785
23.2869
24.5771
38.5568
24.3203
37.5229
25.1504
25.1413
34.8041
21.3384
23.6507
36.0857
26.3446
34.0602
23.2015
22.5023
35.3121
29.8366
17.2902
37.3127
21.3194
39.0798
22.6251
15.2383
39.8763
21.0986
38.5181
25.0536
17.579
26.9467
31.2434
23.5709
36.4448
23.1873
29.914
31.3252
21.1626
41.0117
1
1
1
1
1
1
1
1
1
1
1
1
1
1
1
1
1
1
1
1
1
1
1
1
1
1
1
1
1
1
1
1
1
1
1
1
1
1
1
1
1
1
1
1
1
1
1
1
1
1
1
1
1
1
1
1
