7
4
2
5
1
6
0
3
15
12
10
13
9
14
8
11
19
22
17
27
24
16
18
25
30
31
20
21
26
28
29
23
39
36
34
37
33
38
32
35
43
46
41
51
48
40
42
49
54
55
44
45
50
52
53
47
12.4246
21.3811
36.4859
22.7654
22.9313
36.2702
20.1935
38.4671
22.4118
20.4108
35.6345
21.372
37.0508
21.0058
22.7429
35.5638
22.8191
21.0239
28.284
30.5896
37.131
21.4103
19.5405
25.9725
31.5669
34.9234
18.0187
21.5557
23.0502
32.3338
19.9782
35.9901
20.3326
39.2991
23.2067
20.1781
38.1775
22.3367
23.4733
35.2375
19.8636
38.5785
22.6879
25.257
33.0338
19.9269
21.4735
36.1576
26.6919
31.8609
21.6173
19.7783
37.097
23.407
28.4811
22.8934
2
2
2
2
2
2
2
2
2
2
2
2
2
2
2
2
2
2
2
2
2
2
2
2
2
2
2
2
2
2
2
2
2
2
2
2
2
2
2
2
2
2
2
2
2
2
2
2
2
2
2
2
2
2
2
2
