1
4
3
6
0
2
5
7
9
12
11
14
8
10
13
15
21
26
22
17
16
25
31
29
27
24
30
23
28
18
20
19
33
36
35
38
32
34
37
39
45
50
46
41
40
49
55
53
51
48
54
47
52
42
44
43
30.1688
20.1908
20.9852
42.1898
14.6887
35.8628
21.1745
21.2795
42.8697
14.8578
19.5792
35.5855
22.4703
39.7115
19.2477
18.876
36.9094
20.3531
39.3319
15.4326
20.8612
36.6233
19.58
20.1513
36.0138
20.813
36.7225
19.4868
20.9769
37.3957
20.9189
20.4084
35.3935
20.1568
36.9473
17.391
20.1971
24.3788
30.1957
20.2951
36.8351
20.1983
26.0965
29.5158
19.9245
35.2398
20.1659
25.3198
32.7494
20.09
34.5998
22.7302
18.4912
39.0739
22.3423
31.7503
2
2
2
2
2
2
2
2
2
2
2
2
2
2
2
2
2
2
2
2
2
2
2
2
2
2
2
2
2
2
2
2
2
2
2
2
2
2
2
2
2
2
2
2
2
2
2
2
2
2
2
2
2
2
2
2
