2
1
4
0
6
5
3
7
10
9
12
8
14
13
11
15
24
26
20
27
19
16
23
18
22
28
31
21
30
25
29
17
34
33
36
32
38
37
35
39
48
50
44
51
43
40
47
42
46
52
55
45
54
49
53
41
19.2458
23.3216
37.9349
18.0708
23.8549
38.2711
22.0973
38.5382
20.5846
27.9418
24.039
34.8586
23.6898
21.0808
36.2725
23.2576
40.7098
22.9269
22.5678
37.0132
24.0434
40.7221
22.6397
23.642
38.6709
23.1897
21.9207
40.5356
21.8654
39.0371
21.8204
22.7187
38.7487
22.7594
23.0233
38.9494
20.7201
38.827
21.8658
22.8989
35.0616
22.9471
22.5283
40.3215
22.087
383.1584
524.6757
22.2735
39.708
23.574
23.5413
36.8667
22.0918
24.0201
39.0652
23.0553
1
1
1
1
1
1
1
1
1
1
1
1
1
1
1
1
1
1
1
1
1
1
1
1
1
1
1
1
1
1
1
1
1
1
1
1
1
1
1
1
1
1
1
1
1
2
2
2
2
2
2
2
2
2
2
2
