1
0
5
7
3
4
2
6
9
8
13
15
11
12
10
14
29
28
16
18
30
31
25
21
27
19
17
20
24
23
26
22
33
32
37
39
35
36
34
38
53
52
40
42
54
55
49
45
51
43
41
44
48
47
50
46
34.4438
22.0756
24.1188
38.8388
24.6091
39.5875
22.8388
21.5016
39.1221
24.6336
21.9266
39.2303
22.8906
40.3859
22.7413
21.3017
37.8875
19.4895
23.3184
37.5746
19.5626
36.1599
21.6742
21.4613
36.4135
21.9819
22.8629
37.5711
20.7995
37.1472
22.4548
22.2486
38.311
20.6407
36.2792
22.9854
21.0852
36.3515
22.6125
21.1294
38.1166
21.494
38.1392
20.7501
20.4262
36.8801
20.4799
19.5215
35.2607
20.282
34.8882
21.6924
21.5363
37.0326
22.6599
21.592
2
2
2
2
2
2
2
2
2
2
2
2
2
2
2
2
2
2
2
2
2
2
2
2
2
2
2
2
2
2
2
2
2
2
2
2
2
2
2
2
2
2
2
2
2
2
2
2
2
2
2
2
2
2
2
2
