7
6
1
0
2
3
4
5
15
14
9
8
10
11
12
13
17
20
31
22
30
16
18
27
23
24
28
29
19
26
21
25
39
38
33
32
34
35
36
37
41
44
55
46
54
40
42
51
47
48
52
53
43
50
45
49
35.4006
24.1232
23.2932
40.5198
23.4279
19.3133
39.2829
24.1848
38.3845
24.301
22.8242
40.0884
23.5132
28.1421
29.7595
23.1584
37.8314
23.7498
38.0641
24.5629
23.0336
38.4426
24.2911
24.728
38.2273
23.3927
34.8392
24.487
24.5937
39.2382
23.7767
22.0779
38.8641
24.988
39.2584
22.7492
21.0804
37.3147
21.114
21.7959
38.0582
22.5651
36.8773
23.0131
21.4972
38.9001
24.0359
37.9606
21.3234
23.6116
35.3556
22.8531
23.2853
37.189
23.6211
40.7402
1
1
1
1
1
1
1
1
1
1
1
1
1
1
1
1
1
1
1
1
1
1
1
1
1
1
1
1
1
1
1
1
1
1
1
1
1
1
1
1
1
1
1
1
1
1
1
1
1
1
1
1
1
1
1
1
