5
7
0
2
1
3
6
4
13
15
8
10
9
11
14
12
16
17
23
20
19
30
27
24
29
22
31
18
25
28
26
21
37
39
32
34
33
35
38
36
40
41
47
44
43
54
51
48
53
46
55
42
49
52
50
45
34.2344
23.2596
23.932
39.3722
22.2067
38.1834
22.9127
23.4342
38.5109
18.3521
23.4216
38.2889
23.6562
37.372
21.8488
21.526
38.2822
23.1782
23.5108
38.7183
22.4979
36.7497
23.1079
22.0515
38.3857
21.4613
35.4018
19.578
20.6016
35.2607
21.5857
22.4971
37.735
22.9206
38.0874
22.844
21.2712
39.4982
21.4162
22.1759
38.2518
23.6752
35.7605
22.7499
23.2007
40.7442
21.9021
20.6648
37.7006
23.2675
39.5215
24.2081
22.8463
35.3694
23.2777
22.9099
2
2
2
2
2
2
2
2
2
2
2
2
2
2
2
2
2
2
2
2
2
2
2
2
2
2
2
2
2
2
2
2
2
2
2
2
2
2
2
2
2
2
2
2
2
2
2
2
2
2
2
2
2
2
2
2
