4
7
6
5
2
0
1
3
12
15
14
13
10
8
9
11
21
24
30
28
17
27
25
26
23
29
19
18
31
16
20
22
36
39
38
37
34
32
33
35
45
48
54
52
41
51
49
50
47
53
43
42
55
40
44
46
1110.065
524.8317
26.8882
23.755
38.2375
23.7909
40.103
22.957
22.5248
39.9687
23.5855
23.4899
38.8708
25.6596
37.6378
24.5103
23.0676
38.9668
27.1004
37.9329
23.8802
23.6969
36.6364
23.4666
25.2049
33.9989
24.2626
37.8045
23.5231
25.7599
38.6042
23.8142
23.9039
39.066
23.6317
40.2152
23.5693
24.4041
40.5443
21.097
24.4641
37.9389
25.2653
25.1563
36.2942
24.314
39.4358
22.1171
39.2868
21.6473
24.2101
39.7625
23.6045
23.8332
39.0514
22.1463
1
1
1
1
1
1
1
1
1
1
1
1
1
1
1
1
1
1
1
1
1
1
1
1
1
1
1
1
1
1
1
1
1
1
1
1
1
1
1
1
1
1
1
1
1
1
1
1
1
1
1
1
1
1
1
1
