1
7
3
6
5
2
4
0
9
15
11
14
13
10
12
8
17
25
30
29
19
22
28
18
26
20
27
31
21
23
24
16
33
39
35
38
37
34
36
32
41
49
54
53
43
46
52
42
50
44
51
55
45
47
48
40
31.7088
23.9197
38.3557
22.748
21.2835
38.3813
21.7824
24.3073
36.1868
21.7919
38.0898
21.9906
21.7868
35.6096
20.6498
36.6597
28.6901
22.4161
22.087
37.2819
21.257
20.1497
36.6213
21.7267
20.3211
36.2373
21.688
36.31
20.5562
21.2057
36.1429
21.2001
36.8517
21.9148
22.4469
35.6594
22.6563
24.1975
36.2247
23.51
37.7872
22.3039
21.899
36.9299
21.7801
22.2893
37.4174
22.6942
37.432
23.3967
20.007
35.2556
22.9775
22.0649
35.6013
17.963
2
2
2
2
2
2
2
2
2
2
2
2
2
2
2
2
2
2
2
2
2
2
2
2
2
2
2
2
2
2
2
2
2
2
2
2
2
2
2
2
2
2
2
2
2
2
2
2
2
2
2
2
2
2
2
2
