5
3
4
0
1
6
2
7
13
11
12
8
9
14
10
15
27
16
30
18
20
28
29
22
21
25
31
24
26
19
23
17
37
35
36
32
33
38
34
39
51
40
54
42
44
52
53
46
45
49
55
48
50
43
47
41
19.0846
34.7531
25.6781
33.3803
22.569
23.6669
36.2733
23.4275
39.3394
21.0701
23.1573
36.952
27.514
21.6461
30.4497
23.9794
38.3327
26.7436
18.9103
32.3029
22.0752
37.0448
27.1557
24.0307
32.9398
22.7685
21.9405
42.5982
22.3549
33.8768
21.1389
21.9223
39.5559
26.6366
15.8589
38.7503
20.2887
41.2598
18.9048
18.3367
28.0967
33.9088
43.286
22.6054
16.7837
25.0077
30.4694
21.1448
43.354
19.4871
24.6767
25.3811
30.234
44.1137
18.2901
24.6024
1
1
1
1
1
1
1
1
1
1
1
1
1
1
1
1
1
1
1
1
1
1
1
1
1
1
1
1
1
1
1
1
1
1
1
1
1
1
1
1
1
1
1
1
1
1
1
1
1
1
1
1
1
1
1
1
