3
0
2
5
7
6
1
4
11
8
10
13
15
14
9
12
27
25
31
20
19
24
16
30
29
26
23
18
28
22
21
17
35
32
34
37
39
38
33
36
51
49
55
44
43
48
40
54
53
50
47
42
52
46
45
41
11.326
25.208
19.066
30.7175
41.7666
275.4027
499.4806
41.8314
19.2995
25.5533
30.2395
22.6863
40.7501
19.3015
28.3239
16.9568
33.033
40.0548
18.2312
27.4318
20.9307
29.8705
23.0857
39.7929
24.1955
25.5019
30.5378
23.1762
36.1733
27.2584
22.9641
31.1837
23.3493
35.6602
28.0165
23.1537
30.9313
19.3453
23.1695
42.2028
19.8494
33.3001
19.9213
24.141
37.0705
28.4823
17.9709
34.9937
20.6609
43.2738
22.7827
13.8101
28.8371
30.7254
40.5735
16.1343
1
1
1
1
1
2
2
2
2
2
2
2
2
2
2
2
2
2
2
2
2
2
2
2
2
2
2
2
2
2
2
2
2
2
2
2
2
2
2
2
2
2
2
2
2
2
2
2
2
2
2
2
2
2
2
2
