6
0
4
7
1
5
3
2
14
8
12
15
9
13
11
10
19
18
16
30
17
25
26
22
27
29
31
24
20
28
23
21
38
32
36
39
33
37
35
34
43
42
40
54
41
49
50
46
51
53
55
48
44
52
47
45
1170.441
524.9206
25.2037
31.3568
24.5957
39.0755
27.1225
27.5768
31.994
23.6463
39.8304
28.8896
18.2545
38.0957
21.9397
39.228
26.6599
25.067
32.1789
25.545
24.4384
42.2545
19.4942
22.5252
37.0022
24.0991
42.4746
23.1648
19.7111
39.3824
23.8285
42.0898
25.1887
18.0598
28.0758
35.9367
22.1641
41.5699
20.107
27.2051
35.2007
22.264
44.5123
18.4126
28.3033
31.0138
23.9324
39.1296
20.3464
28.2978
24.5175
33.1839
44.4289
17.0867
23.4385
27.371
1
1
1
1
1
1
1
1
1
1
1
1
1
1
1
1
1
1
1
1
1
1
1
1
1
1
1
1
1
1
1
1
1
1
1
1
1
1
1
1
1
1
1
1
1
1
1
1
1
1
1
1
1
1
1
1
