3
0
5
6
4
2
7
1
11
8
13
14
12
10
15
9
25
28
16
18
24
31
21
22
19
27
30
29
23
17
20
26
35
32
37
38
36
34
39
33
49
52
40
42
48
55
45
46
43
51
54
53
47
41
44
50
19.7143
27.0083
29.7868
23.0944
39.4117
26.5323
23.5069
33.404
22.7958
37.0204
24.4436
25.7417
32.7861
23.7779
35.8766
28.7482
24.4096
31.9663
22.2474
37.1021
27.48
15.646
33.6868
20.3993
21.1393
40.9891
21.9693
31.3998
22.4718
21.5328
39.9655
28.0102
17.9733
36.184
23.0699
25.084
35.0972
22.2458
40.3764
20.3148
43.9205
20.2413
20.2587
27.7013
33.0283
23.5571
43.5025
16.0442
27.6076
33.5912
22.2265
44.4029
16.6498
25.4672
22.5998
33.6868
1
1
1
1
1
1
1
1
1
1
1
1
1
1
1
1
1
1
1
1
1
1
1
1
1
1
1
1
1
1
1
1
1
1
1
1
1
1
1
1
1
1
1
1
1
1
1
1
1
1
1
1
1
1
1
1
