3
5
0
7
6
2
1
4
11
13
8
15
14
10
9
12
24
19
16
21
25
30
20
27
23
22
28
29
18
26
31
17
35
37
32
39
38
34
33
36
48
43
40
45
49
54
44
51
47
46
52
53
42
50
55
41
29.899
42.2727
17.884
27.2623
23.5705
32.9129
25.5019
38.3679
25.3048
22.5465
36.1089
23.3734
39.1861
27.8316
20.7754
34.3995
22.8768
38.2889
27.7767
21.0591
37.718
20.7636
22.0203
46.5555
22.0365
31.3765
22.1629
24.4017
44.101
22.8471
12.5732
40.2275
22.4031
43.0541
24.5625
18.6113
23.081
34.2138
44.4076
21.9266
17.8935
28.4333
30.6812
23.4346
42.0242
19.6203
28.4681
33.6769
22.3987
44.5893
19.5563
26.8199
24.6534
32.6984
42.71
19.5918
1
1
1
1
1
1
1
1
1
1
1
1
1
1
1
1
1
1
1
1
1
1
1
1
1
1
1
1
1
1
1
1
1
1
1
1
1
1
1
1
1
1
1
1
1
1
1
1
1
1
1
1
1
1
1
1
