7
2
3
4
6
5
1
0
15
10
11
12
14
13
9
8
18
28
31
26
23
24
17
25
19
27
20
22
30
16
21
29
39
34
35
36
38
37
33
32
42
52
55
50
47
48
41
49
43
51
44
46
54
40
45
53
28.3942
20.9801
41.7125
17.4182
27.3955
23.2588
34.3094
22.0234
34.8033
28.0592
19.8577
36.5992
20.363
37.306
29.7461
31.2928
20.301
24.4815
37.6773
26.8452
22.4853
32.0291
23.2868
39.3101
19.6412
27.751
32.7971
23.7372
20.9587
39.1537
26.6409
33.5252
20.7411
23.2007
41.9468
24.3855
14.5129
39.6455
23.3741
42.7112
20.3262
16.6494
23.6862
35.324
41.9033
16.0825
20.3353
25.1898
34.2573
21.8761
44.5862
16.2816
34.3711
19.3959
22.0697
39.7585
1
1
1
1
1
1
1
1
1
1
1
1
1
1
1
1
1
1
1
1
1
1
1
1
1
1
1
1
1
1
1
1
1
1
1
1
1
1
1
1
1
1
1
1
1
1
1
1
1
1
1
1
1
1
1
1
