5
2
0
1
6
3
4
7
13
10
8
9
14
11
12
15
23
30
22
27
29
26
18
20
16
17
19
21
28
24
25
31
37
34
32
33
38
35
36
39
47
54
46
51
53
50
42
44
40
41
43
45
52
48
49
55
1496.728
525.6321
21.66
45.5734
24.9828
18.2502
25.4782
34.5868
42.2893
23.2003
20.5898
40.1639
21.9946
23.0229
44.6711
16.7604
26.5931
35.8684
23.7949
40.805
20.9714
28.1165
31.4599
21.4925
25.0204
38.5113
26.5054
25.0468
32.4183
23.3101
38.6614
27.768
23.9841
32.8714
22.8669
38.01
28.0619
19.3066
35.9339
21.9752
36.8536
25.7255
26.3438
32.6877
24.0051
23.7475
42.9202
20.2374
33.2104
368.1773
524.951
22.6859
37.306
23.7131
29.0022
20.0454
1
1
1
1
1
1
1
1
1
1
1
1
1
1
1
1
1
1
1
1
1
1
1
1
1
1
1
1
1
1
1
1
1
1
1
1
1
1
1
1
1
1
1
1
1
1
1
1
1
2
2
2
2
2
2
2
