7
0
5
6
2
3
4
1
15
8
13
14
10
11
12
9
28
27
24
30
25
16
22
17
31
19
26
18
21
20
29
23
39
32
37
38
34
35
36
33
52
51
48
54
49
40
46
41
55
43
50
42
45
44
53
47
27.3611
21.9578
36.2591
21.2681
27.4674
29.6039
22.8475
35.0549
27.766
18.2538
34.7444
21.274
36.521
25.0038
21.0433
29.7208
21.8156
37.9286
22.6204
13.7872
23.4488
23.1316
20.3326
43.0375
20.028
18.3264
35.5231
22.4122
40.1299
19.5823
19.0281
35.1505
21.7287
40.7564
20.3918
17.4862
24.0256
29.3186
19.2845
38.4386
16.5973
21.5924
501.9403
522.2942
22.6618
40.6972
23.2876
29.6821
21.3704
22.2609
41.1404
21.0283
17.3064
36.9157
19.1355
40.9797
2
2
2
2
2
2
2
2
2
2
2
2
2
2
2
2
2
2
2
2
2
2
2
2
2
2
2
2
2
2
2
2
2
2
2
2
2
2
2
2
2
2
1
1
1
1
1
1
1
1
1
1
1
1
1
1
