4
5
7
1
6
0
2
3
12
13
15
9
14
8
10
11
30
22
26
25
31
18
17
28
21
20
16
19
24
27
29
23
36
37
39
33
38
32
34
35
54
46
50
49
55
42
41
52
45
44
40
43
48
51
53
47
22.4651
21.7394
52.0449
20.6854
14.9179
28.8841
20.9354
32.7987
19.896
38.5536
28.9334
23.3315
32.9512
20.0256
39.2777
25.0152
19.2157
35.4654
5.3676
37.7109
24.8623
26.3889
32.0102
20.7584
24.4471
40.0378
19.181
36.807
22.7875
21.0698
43.0881
21.1176
20.3322
37.0847
334.8863
511.4696
33.0484
21.1322
39.8241
26.3403
17.5241
36.0228
21.707
23.7822
43.4772
18.6638
35.079
20.7355
22.0618
43.764
23.8786
31.4804
18.9372
23.3639
39.5436
24.9252
2
2
2
2
2
2
2
2
2
2
2
2
2
2
2
2
2
2
2
2
2
2
2
2
2
2
2
2
2
2
2
2
2
2
1
1
1
1
1
1
1
1
1
1
1
1
1
1
1
1
1
1
1
1
1
1
