1
5
2
6
0
4
7
3
9
13
10
14
8
12
15
11
20
23
22
24
26
21
30
19
31
18
28
29
25
17
16
27
33
37
34
38
32
36
39
35
44
47
46
48
50
45
54
43
55
42
52
53
49
41
40
51
36.2851
17.368
14.7349
28.4199
30.332
41.1069
21.4237
16.2824
24.5696
29.4344
22.9368
42.6535
18.362
23.0735
34.5461
23.098
39.2366
16.8789
26.7179
31.0308
21.0306
40.4724
18.3371
352.0588
521.4927
21.4775
40.3242
23.5863
15.0162
26.3403
30.1064
42.0076
22.3786
15.403
24.0548
34.2146
39.689
20.2721
17.3929
27.1505
31.3026
20.8864
39.5772
17.581
27.529
30.0625
21.9626
41.3735
16.553
27.768
29.225
23.4223
41.5762
15.5547
26.4027
21.0559
1
1
1
1
1
1
1
1
1
1
1
1
1
1
1
1
1
1
1
1
1
1
1
2
2
2
2
2
2
2
2
2
2
2
2
2
2
2
2
2
2
2
2
2
2
2
2
2
2
2
2
2
2
2
2
2
