6
5
3
1
2
7
4
0
14
13
11
9
10
15
12
8
29
31
20
24
27
21
26
25
18
28
23
16
30
17
22
19
38
37
35
33
34
39
36
32
53
55
44
48
51
45
50
49
42
52
47
40
54
41
46
43
10.2111
39.5389
21.6955
39.401
27.034
13.1808
27.7633
31.2102
20.7363
37.7552
19.0447
26.6524
31.4642
21.0322
43.7672
16.7399
27.1754
23.3445
29.1973
40.0987
15.463
29.7137
29.1274
22.6425
40.662
17.1756
25.8073
18.8768
31.8549
17.8449
34.4686
23.5638
21.581
32.8501
19.55
36.9184
24.4033
18.4884
35.8739
22.774
38.0566
21.34
27.1861
31.4504
22.0941
19.9553
42.6721
21.3297
30.3928
22.1506
21.7753
43.1888
14.1898
17.4609
40.007
20.4716
1
1
1
1
1
1
1
1
1
1
1
1
1
1
1
1
1
1
1
1
1
1
1
1
1
1
1
1
1
1
1
1
1
1
1
1
1
1
1
1
1
1
1
1
1
1
1
1
1
1
1
1
1
1
1
1
