6
7
1
3
0
2
5
4
14
15
9
11
8
10
13
12
24
17
21
25
20
16
23
19
31
27
26
29
18
22
30
28
38
39
33
35
32
34
37
36
48
41
45
49
44
40
47
43
55
51
50
53
42
46
54
52
27.8411
38.2229
20.2642
27.7028
22.774
34.0811
22.3185
40.8923
25.7587
23.3615
32.2496
23.7913
39.9683
26.3869
25.9187
34.7389
22.1471
36.3231
26.5161
16.5554
35.7392
22.3292
21.2345
35.6325
24.5973
34.2257
22.7831
21.9863
43.0988
19.3959
21.1227
37.5952
24.4104
41.7753
22.3608
17.2701
27.7601
31.51
43.2058
23.8494
14.842
26.6595
36.4285
21.7113
42.9542
18.8096
24.0122
35.3342
21.974
43.847
17.7734
26.3395
20.651
32.342
42.4224
17.8441
2
2
2
2
2
2
2
2
2
2
2
2
2
2
2
2
2
2
2
2
2
2
2
2
2
2
2
2
2
2
2
2
2
2
2
2
2
2
2
2
2
2
2
2
2
2
2
2
2
2
2
2
2
2
2
2
