2
5
7
1
4
6
3
0
10
13
15
9
12
14
11
8
18
27
21
20
16
29
28
23
24
25
31
22
26
17
19
30
34
37
39
33
36
38
35
32
42
51
45
44
40
53
52
47
48
49
55
46
50
41
43
54
214.1099
182.162
210.2241
149.279
227.0565
142.7083
414.9537
195.8995
147.3598
158.9711
147.777
180.7311
149.1083
165.2842
204.79
227.8518
211.3453
203.1655
211.8182
514.3225
22.4332
35.9953
20.99
38.7402
22.0164
21.9974
37.6482
22.7149
39.283
24.0845
22.6576
40.273
22.8282
23.6745
39.9388
21.6916
38.9452
468.6478
516.881
40.1857
24.0818
24
38.0373
22.6536
22.7931
40.702
21.7355
39.7235
22.4837
22.3048
39.1652
23.9079
22.882
40.83
23.8514
37.2125
1
2
1
2
1
2
2
2
2
2
2
2
2
2
1
1
1
1
1
1
1
1
1
1
1
1
1
1
1
1
1
1
1
1
1
1
1
2
2
2
2
2
2
2
2
2
2
2
2
2
2
2
2
2
2
2
