6
5
7
0
2
4
3
1
14
13
15
8
10
12
11
9
18
20
31
25
28
29
30
27
16
24
21
17
22
26
23
19
38
37
39
32
34
36
35
33
42
44
55
49
52
53
54
51
40
48
45
41
46
50
47
43
2228.431
509.44
251.081
399.1848
409.2253
196.5691
338.2045
165.6449
177.6117
101.1999
238.2569
88.7021
336.1771
191.7265
210.4157
135.9409
134.5621
166.8778
115.3345
242.8507
101.0004
195.186
99.5628
258.8499
133.4117
220.9674
100.9242
228.6932
149.7705
212.2429
118.3666
212.4337
134.1319
195.4784
179.4452
366.9801
133.6409
227.8514
119.2867
195.7956
151.5079
224.7075
148.5975
180.5988
148.7741
195.5985
149.9253
196.8571
118.2899
179.557
82.9773
225.0693
86.5589
211.9098
117.2782
228.1046
2
2
2
2
1
2
1
2
1
2
1
2
2
1
2
1
2
1
2
1
2
1
2
1
2
1
2
1
2
1
2
1
2
1
2
1
2
1
2
1
2
1
2
1
2
1
2
1
2
1
2
1
2
1
2
1
