6
4
3
0
1
7
5
2
14
12
11
8
9
15
13
10
23
30
31
22
28
27
17
26
24
20
29
19
25
16
21
18
38
36
35
32
33
39
37
34
47
54
55
46
52
51
41
50
48
44
53
43
49
40
45
42
21.1461
21.916
39.7333
23.3849
37.5435
25.3697
21.6735
39.0033
23.8396
21.7343
37.058
26.2684
37.1793
23.3853
21.9085
36.5946
24.3895
22.513
39.5552
24.4101
23.5729
36.45
26.1033
37.4519
23.6239
22.8251
349.9474
508.077
39.4367
23.565
23.9561
38.6378
21.7252
39.9123
21.8358
23.2257
39.5429
22.0567
23.3967
38.1326
22.4668
39.1826
22.2329
22.6927
40.674
21.4582
39.0325
23.324
20.8312
38.6955
22.9396
24.9161
38.5683
20.4527
38.5525
24.8387
2
2
2
2
2
2
2
2
2
2
2
2
2
2
2
2
2
2
2
2
2
2
2
2
2
2
1
1
1
1
1
1
1
1
1
1
1
1
1
1
1
1
1
1
1
1
1
1
1
1
1
1
1
1
1
1
