0
3
7
1
6
4
5
2
8
11
15
9
14
12
13
10
29
27
22
18
19
26
17
30
21
25
24
16
31
23
20
28
32
35
39
33
38
36
37
34
53
51
46
42
43
50
41
54
45
49
48
40
55
47
44
52
19.1865
37.7098
22.4427
24.0083
38.5379
23.5749
23.507
36.3236
22.2961
39.0546
23.5484
22.9191
38.3882
21.4096
29.3199
23.7353
37.9568
24.5531
20.3761
38.4691
23.0226
38.9622
23.84
21.999
36.397
23.915
38.387
23.3675
351.6608
508.7545
38.5225
23.1692
38.3609
23.2458
23.3793
36.1782
23.328
22.3071
38.6643
24.2698
36.2821
23.1352
22.1543
38.1721
23.1632
20.0478
38.622
22.4462
38.4375
16.3986
23.7179
36.0537
19.6772
24.2208
39.7713
20.9754
2
2
2
2
2
2
2
2
2
2
2
2
2
2
2
2
2
2
2
2
2
2
2
2
2
2
2
2
1
1
1
1
1
1
1
1
1
1
1
1
1
1
1
1
1
1
1
1
1
1
1
1
1
1
1
1
