6
0
3
1
5
4
7
2
14
8
11
9
13
12
15
10
17
24
20
30
18
19
28
31
21
23
27
22
25
26
29
16
38
32
35
33
37
36
39
34
41
48
44
54
42
43
52
55
45
47
51
46
49
50
53
40
90.568
196.9686
116.8863
226.2403
132.8377
260.6427
148.0658
180.7678
147.758
195.4819
132.4521
196.9433
149.6938
164.1843
148.684
132.6805
166.3568
147.8382
240.8726
164.3487
209.4905
147.9915
180.7469
227.1229
162.9936
149.5307
163.8532
132.2688
133.1439
243.1668
169.8313
242.5836
180.8469
116.8112
196.3787
321.4033
258.4351
228.0133
195.7996
102.3879
227.499
150.5317
209.9096
166.2896
211.8616
143.9421
209.0792
86.8671
305.3448
128.0969
196.8978
148.0026
209.5236
179.3002
225.5541
195.9924
2
1
2
1
2
1
2
1
2
1
2
1
2
1
2
1
2
1
2
1
2
1
2
1
2
1
2
1
2
1
2
1
2
1
2
2
1
2
1
2
1
2
1
2
1
2
1
2
1
2
1
2
1
2
1
2
