7
1
2
4
5
6
0
3
15
9
10
12
13
14
8
11
22
25
24
26
28
16
19
23
31
21
20
18
29
30
17
27
39
33
34
36
37
38
32
35
46
49
48
50
52
40
43
47
55
45
44
42
53
54
41
51
15.5409
38.2021
15.7017
34.7026
20.8411
37.5388
22.0456
37.0619
709.7141
827.7812
258.5299
162.5009
195.0008
210.6879
219.4618
233.7678
180.0113
302.1219
242.8065
242.4833
194.1861
239.9355
209.4727
224.4447
224.5506
210.6049
193.9329
414.9596
273.1729
216.9868
227.049
244.0904
240.5285
225.2301
225.2337
211.3848
195.3208
243.7025
209.5932
210.9739
209.8804
243.9747
193.9048
176.4064
194.7641
317.736
507.5642
36.802
21.6905
37.5467
22.0393
25.8003
35.855
23.7626
25.0042
37.1421
1
1
1
1
1
1
1
1
2
2
2
2
2
2
2
2
2
1
1
1
1
1
1
1
1
1
1
1
1
1
1
1
1
1
1
1
1
1
1
1
1
1
1
1
1
2
2
2
2
2
2
2
2
2
2
2
