7
4
1
3
5
2
6
0
15
12
9
11
13
10
14
8
20
30
21
31
28
19
25
17
29
22
23
18
27
16
26
24
39
36
33
35
37
34
38
32
44
54
45
55
52
43
49
41
53
46
47
42
51
40
50
48
14.4102
21.7165
31.2145
21.142
20.8359
34.9972
24.8963
15.1573
26.5192
29.2823
37.3625
21.9685
18.7776
26.262
29.1495
38.2265
23.8245
16.7055
25.0006
29.1701
23.4275
39.5989
16.1445
21.6892
32.1571
21.9847
39.9335
14.887
24.1745
30.5429
21.7769
40.4866
15.8423
25.8433
29.7654
19.0996
38.2672
19.8071
24.8643
29.835
19.6665
20.2346
38.4983
22.8562
33.2929
19.8624
18.1155
35.1355
25.7888
16.3551
36.9733
19.9055
37.2151
26.3699
15.1233
37.0421
2
2
2
2
2
2
2
2
2
2
2
2
2
2
2
2
2
2
2
2
2
2
2
2
2
2
2
2
2
2
2
2
2
2
2
2
2
2
2
2
2
2
2
2
2
2
2
2
2
2
2
2
2
2
2
2
