7
1
5
4
0
3
2
6
15
9
13
12
8
11
10
14
31
16
24
26
25
21
20
30
23
22
17
18
29
28
27
19
39
33
37
36
32
35
34
38
55
40
48
50
49
45
44
54
47
46
41
42
53
52
51
43
17.9432
23.0281
34.8523
24.1726
18.2775
35.6025
23.9928
38.4884
27.7716
17.0702
37.4589
19.4314
40.4183
27.8822
15.7554
27.3097
32.2832
21.1804
41.2285
18.2036
27.0865
32.9319
21.6181
42.3399
19.1869
25.7761
32.086
18.5394
43.1517
18.1605
24.504
35.4306
22.4758
39.973
20.0695
28.3539
31.7084
21.942
36.0564
20.0213
30.5303
30.7168
20.6459
23.2912
36.8844
19.8103
23.6491
36.5012
21.0863
38.5737
27.0818
13.8852
35.1501
19.9462
35.6902
22.8341
1
1
1
1
1
1
1
1
1
1
1
1
1
1
1
1
1
1
1
1
1
1
1
1
1
1
1
1
1
1
1
1
1
1
1
1
1
1
1
1
1
1
1
1
1
1
1
1
1
1
1
1
1
1
1
1
