1
3
4
2
6
0
5
7
9
11
12
10
14
8
13
15
26
24
23
19
27
28
30
25
18
29
22
20
16
17
21
31
33
35
36
34
38
32
37
39
50
48
47
43
51
52
54
49
42
53
46
44
40
41
45
55
11.4694
34.1261
20.1773
20.2018
40.2251
20.6324
37.27
21.6576
23.3062
41.6303
14.1392
35.1584
23.6795
22.4165
41.6892
17.3558
20.3018
38.2778
22.535
41.2001
17.6442
19.706
36.9753
21.0954
24.2109
34.983
22.6891
35.7325
21.3483
21.2629
38.5121
19.5448
20.6127
35.8115
21.9077
37.4502
18.5801
19.1577
35.8656
21.5699
37.0638
20.201
22.5018
24.3535
30.5967
20.0718
34.7823
20.7276
22.012
33.8693
22.2707
37.2724
20.9741
25.5221
33.5766
21.165
1
1
1
1
1
1
1
1
1
1
1
1
1
1
1
1
1
1
1
1
1
1
1
1
1
1
1
1
1
1
1
1
1
1
1
1
1
1
1
1
1
1
1
1
1
1
1
1
1
1
1
1
1
1
1
1
