7
5
6
4
2
3
1
0
15
13
14
12
10
11
9
8
17
25
20
27
31
26
30
28
21
23
29
16
18
19
24
22
39
37
38
36
34
35
33
32
41
49
44
51
55
50
54
52
45
47
53
40
42
43
48
46
29.3431
23.2442
26.0313
29.5296
20.6534
22.7812
35.8774
24.3227
36.0311
17.4858
21.0172
37.8385
1833.179
506.1884
36.7952
22.4145
20.4321
37.3763
21.0832
37.2376
21.325
25.4178
29.063
18.9953
20.0576
35.4524
21.4273
30.204
19.8632
19.7186
37.1136
25.5288
15.9632
36.1801
21.0994
37.7243
21.8437
18.4142
28.4495
28.632
14.6306
22.0132
15.3105
459.9149
505.3354
36.8201
21.1464
24.9896
31.162
22.9506
36.6265
18.2956
26.1009
31
20.3689
37.5916
1
1
1
1
1
1
1
1
1
1
1
1
2
2
2
2
2
2
2
2
2
2
2
2
2
2
2
2
2
2
2
2
2
2
2
2
2
2
2
2
2
2
2
2
2
2
2
2
2
2
2
2
2
2
2
2
