1
3
0
6
2
4
5
7
9
11
8
14
10
12
13
15
22
23
20
28
18
24
19
29
21
27
16
30
25
31
17
26
33
35
32
38
34
36
37
39
46
47
44
52
42
48
43
53
45
51
40
54
49
55
41
50
38.2818
18.0989
38.3403
21.5928
22.4801
42.7215
18.1676
24.7861
38.8993
21.6106
44.7138
18.6251
22.2628
37.8219
21.1298
43.5479
18.9368
22.9463
38.1617
22.9115
20.6146
37.5549
22.1139
38.2004
23.3256
22.4793
36.9232
278.0184
518.0663
38.5157
22.94
39.7534
21.3096
22.8104
28.7332
32.5609
21.4139
38.7989
22.0313
26.6054
31.5017
23.0245
39.8478
20.3527
24.3353
35.7005
21.9946
38.9842
22.168
28.9698
29.2922
23.1079
24.2468
35.4204
30.5943
29.7508
2
2
2
2
2
2
2
2
2
2
2
2
2
2
2
2
2
2
2
2
2
2
2
2
2
2
2
1
1
1
1
1
1
1
1
1
1
1
1
1
1
1
1
1
1
1
1
1
1
1
1
1
1
1
1
1
