4
0
7
5
6
2
1
3
12
8
15
13
14
10
9
11
18
25
31
21
26
29
16
17
20
28
27
24
30
22
19
23
36
32
39
37
38
34
33
35
42
49
55
45
50
53
40
41
44
52
51
48
54
46
43
47
1561.581
520.0768
23.1584
39.2042
28.8236
18.7298
37.8508
25.1069
38.7685
30.0226
14.2455
27.324
34.7764
37.1401
30.9731
16.1485
26.347
35.1746
24.1477
39.5728
19.902
27.5266
33.127
22.2115
41.3012
21.4897
25.0212
37.2906
18.2834
44.2567
15.9103
30.1522
32.792
23.8522
22.2008
37.2444
29.0504
20.3748
39.1327
21.7864
38.2123
19.305
35.738
20.7928
21.9057
37.4569
25.9191
18.2842
36.3282
21.3854
39.4077
27.2588
17.054
37.5956
24.4151
21.1172
2
2
2
2
2
2
2
2
2
2
2
2
2
2
2
2
2
2
2
2
2
2
2
2
2
2
2
2
2
2
2
2
2
2
2
2
2
2
2
2
2
2
2
2
2
2
2
2
2
2
2
2
2
2
2
2
