7
0
2
4
5
1
3
6
15
8
10
12
13
9
11
14
27
19
28
30
20
16
26
25
22
18
23
31
29
21
17
24
39
32
34
36
37
33
35
38
51
43
52
54
44
40
50
49
46
42
47
55
53
45
41
48
19.7606
37.6095
23.9964
23.9688
36.768
22.4517
39.5662
23.501
23.3793
36.9782
22.4956
24.3279
39.5362
21.5348
38.3269
23.0459
23.5303
39.2605
23.6986
22.0768
37.1018
23.5374
38.7674
23.9506
23.8194
38.1768
22.4762
22.2518
38.3214
22.7848
38.2171
23.5152
21.9769
39.661
23.0396
36.9853
23.0546
22.4178
39.8203
23.9704
20.7178
38.0828
18.4885
37.5692
21.3993
22.4083
36.1568
20.4397
21.3997
39.1012
21.5945
38.7169
22.9365
23.1763
36.8755
21.9299
1
1
1
1
1
1
1
1
1
1
1
1
1
1
1
1
1
1
1
1
1
1
1
1
1
1
1
1
1
1
1
1
1
1
1
1
1
1
1
1
1
1
1
1
1
1
1
1
1
1
1
1
1
1
1
1
