2
0
5
4
6
1
3
7
10
8
13
12
14
9
11
15
16
30
25
26
20
28
21
17
22
29
19
27
24
31
18
23
34
32
37
36
38
33
35
39
40
54
49
50
44
52
45
41
46
53
43
51
48
55
42
47
17.0011
20.8367
36.3062
23.388
39.3422
21.4538
21.743
35.7029
22.671
21.824
40.2493
21.4672
38.4474
22.1408
22.2036
38.8974
23.7124
21.7789
36.832
21.9346
39.4683
21.3203
23.7428
36.1896
19.9064
26.4446
39.7705
23.1419
21.2515
35.2778
23.2261
40.0099
21.4206
24.1699
36.9035
21.7157
38.7366
21.9042
21.9152
37.7205
21.9188
21.9986
39.795
21.1792
36.1762
21.967
27.3256
34.8966
21.9879
21.3661
38.9922
18.0835
38.8729
22.6477
23.6164
36.4125
1
1
1
1
1
1
1
1
1
1
1
1
1
1
1
1
1
1
1
1
1
1
1
1
1
1
1
1
1
1
1
1
1
1
1
1
1
1
1
1
1
1
1
1
1
1
1
1
1
1
1
1
1
1
1
1
