2
7
3
1
5
0
6
4
10
15
11
9
13
8
14
12
18
23
16
22
17
26
25
21
31
19
30
29
24
28
27
20
34
39
35
33
37
32
38
36
42
47
40
46
41
50
49
45
55
43
54
53
48
52
51
44
15.3039
37.79
24.7502
20.1616
39.0503
22.8436
37.8126
24.4472
33.3499
25.9646
22.4122
37.5372
24.0616
23.7207
38.8733
21.698
36.6313
22.6402
23.053
36.8589
22.5169
22.7152
39.076
24.7964
38.9661
23.8001
22.8662
34.483
23.9597
24.3812
38.3984
23.1214
37.2745
22.7571
24.0806
40.4354
23.0333
23.1174
36.2509
21.5664
39.006
32.241
20.491
22.528
37.6008
24.1481
22.8444
40.2066
21.9346
37.8019
23.5761
24.9438
37.3551
23.4335
22.7895
36.1478
1
1
1
1
1
1
1
1
1
1
1
1
1
1
1
1
1
1
1
1
1
1
1
1
1
1
1
1
1
1
1
1
1
1
1
1
1
1
1
1
1
1
1
1
1
1
1
1
1
1
1
1
1
1
1
1
