5
6
7
3
1
4
2
0
13
14
15
11
9
12
10
8
19
21
16
27
24
23
18
17
20
31
28
29
22
25
26
30
37
38
39
35
33
36
34
32
43
45
40
51
48
47
42
41
44
55
52
53
46
49
50
54
18.046
37.0572
21.0169
37.7829
23.3149
22.989
36.973
22.8417
37.2998
21.9014
24.0506
36.9861
22.9373
21.0907
30.4537
38.1164
21.7118
38.5584
23.5828
23.1494
36.2742
23.4109
21.2432
39.9862
21.135
38.82
22.5758
21.963
39.5899
21.3993
21.4412
37.8446
22.6177
39.5117
21.1089
20.9438
37.3732
23.0669
23.8088
39.3454
19.5184
36.0857
23.2332
38.9752
20.8024
22.7042
35.4327
21.6762
22.0215
37.8809
21.4451
39.2545
20.9999
28.4954
23.4208
39.4651
1
1
1
1
1
1
1
1
1
1
1
1
1
1
1
1
1
1
1
1
1
1
1
1
1
1
1
1
1
1
1
1
1
1
1
1
1
1
1
1
1
1
1
1
1
1
1
1
1
1
1
1
1
1
1
1
