4
1
5
0
2
7
6
3
12
9
13
8
10
15
14
11
20
16
18
29
31
23
19
28
21
17
26
30
22
24
27
25
36
33
37
32
34
39
38
35
44
40
42
53
55
47
43
52
45
41
50
54
46
48
51
49
18.3609
40.7621
22.8705
24.0371
38.5328
24.0675
36.7388
23.3473
25.0224
37.9228
24.6123
38.5118
14.5351
35.5524
21.8066
38.0654
22.1017
22.4861
39.1329
24.1082
37.7533
23.7005
21.5779
38.8468
24.9596
38.8125
23.855
23.4694
39.6188
23.5623
23.7001
34.5983
21.3072
39.1313
23.8736
23.6401
37.0457
24.7873
24.6408
36.9592
22.9633
37.1647
23.5002
24.0351
38.4731
25.0556
24.8363
36.5934
24.1948
39.0444
24.0265
22.8974
39.3446
22.7745
38.5715
23.7385
1
1
1
1
1
1
1
1
1
1
1
1
1
1
1
1
1
1
1
1
1
1
1
1
1
1
1
1
1
1
1
1
1
1
1
1
1
1
1
1
1
1
1
1
1
1
1
1
1
1
1
1
1
1
1
1
