3
5
4
6
7
0
2
1
11
13
12
14
15
8
10
9
25
31
29
26
17
23
19
22
27
28
30
24
20
16
21
18
35
37
36
38
39
32
34
33
49
55
53
50
41
47
43
46
51
52
54
48
44
40
45
42
1018.335
508.1904
38.6706
25.9579
22.411
41.8145
23.9956
38.2179
24.7656
24.5266
39.4043
24.352
46.2124
6.5805
38.8508
26.5537
38.8946
25.0208
22.1163
38.5055
24.2564
25.0753
38.848
22.7852
38.1464
24.1371
24.1813
41.4693
24.0695
21.2349
40.751
22.8014
40.017
12.7383
24.1967
46.6501
24.7119
24.8557
23.6425
38.3676
23.0021
40.5582
23.3541
23.2711
38.2886
22.5876
25.3574
40.2675
23.9589
37.1789
24.54
22.0346
41.137
20.7218
19.8574
37.2994
1
1
1
1
1
1
1
1
1
1
1
1
1
1
1
1
1
1
1
1
1
1
1
1
1
1
1
1
1
1
1
1
1
1
1
1
1
1
1
1
1
1
1
1
1
1
1
1
1
1
1
1
1
1
1
1
