7
5
1
4
0
3
6
2
15
13
9
12
8
11
14
10
23
26
16
18
17
25
21
31
24
30
19
28
22
29
27
20
39
37
33
36
32
35
38
34
47
50
40
42
41
49
45
55
48
54
43
52
46
53
51
44
19.8336
22.8531
39.2793
21.98
21.3356
40.6297
23.9984
37.0879
21.807
23.7827
37.2242
22.2143
22.8389
37.7872
24.1706
37.0769
23.6705
22.0511
40.2299
21.8729
37.9417
24.6905
23.9506
37.6833
23.7404
42.5173
6.8144
37.5826
22.9439
33.7718
21.9188
22.4999
38.9475
23.8162
31.9363
21.7671
39.4346
23.6811
23.3588
37.4542
24.3101
23.9257
36.2943
22.842
41.0544
22.874
22.4446
39.6645
21.3206
39.4603
23.8431
23.1739
45.2029
23.2971
23.533
23.4066
2
2
2
2
2
2
2
2
2
2
2
2
2
2
2
2
2
2
2
2
2
2
2
2
2
2
2
2
2
2
2
2
2
2
2
2
2
2
2
2
2
2
2
2
2
2
2
2
2
2
2
2
2
2
2
2
