2
4
3
0
6
1
7
5
10
12
11
8
14
9
15
13
30
31
25
23
19
21
22
18
16
24
27
17
29
20
28
26
34
36
35
32
38
33
39
37
54
55
49
47
43
45
46
42
40
48
51
41
53
44
52
50
1481.84
1614.198
835.0412
1564.45
1170.615
1362.924
1071.949
1343.855
2715.919
1210.416
2041.646
8081.235
906.2633
1841.68
3589.38
1000.466
1359.691
1293.37
933.6102
855.7507
832.2829
1485.772
1052.524
3440.173
717.9126
1001.75
709.5775
732.8874
5538.048
712.2754
820.7028
1138.39
1209.745
490.8999
1345.832
842.0204
2217.189
1295.372
5895.77
788.8787
1936.866
687.0847
1015.935
1311.191
2802.576
1381.48
3472.5
1273.757
819.5801
654.8888
2178.213
2873.548
2881.689
369442.8
1772.71
1080.222
1
2
1
1
2
1
2
2
1
2
1
1
2
1
2
2
2
2
2
1
1
1
1
1
1
2
2
1
2
1
2
2
2
1
1
1
2
1
2
2
2
2
2
1
1
1
1
1
1
2
2
1
2
1
2
2
