5
2
3
7
6
4
0
1
13
10
11
15
14
12
8
9
31
21
22
30
29
18
16
17
20
23
28
26
19
27
24
25
37
34
35
39
38
36
32
33
55
45
46
54
53
42
40
41
44
47
52
50
43
51
48
49
33.3906
23.5693
21.8943
38.1269
24.6952
38.4296
23.4311
24.3018
36.3729
23.2833
22.7784
39.8178
23.3256
37.4419
21.1061
23.4875
37.1697
23.6752
25.101
38.8076
21.9247
37.4952
23.4891
26.4055
25.6797
38.3549
22.142
23.9747
39.1735
22.4545
39.2438
20.7233
23.5638
38.9084
22.1763
21.0196
36.6715
22.0341
37.8445
22.0302
22.0811
38.6536
24.0533
38.4786
23.305
23.2434
36.4527
22.603
22.4497
37.9365
24.4626
36.764
22.6263
22.4047
38.8942
22.4086
2
2
2
2
2
2
2
2
2
2
2
2
2
2
2
2
2
2
2
2
2
2
2
2
2
2
2
2
2
2
2
2
2
2
2
2
2
2
2
2
2
2
2
2
2
2
2
2
2
2
2
2
2
2
2
2
