1
2
4
5
3
7
6
0
9
10
12
13
11
15
14
8
24
26
25
23
27
30
21
29
18
17
22
31
16
20
28
19
33
34
36
37
35
39
38
32
48
50
49
47
51
54
45
53
42
41
46
55
40
44
52
43
16.6522
37.2918
21.0793
39.6594
22.123
30.6646
22.714
38.462
22.0199
23.4449
38.6097
22.5603
38.3837
20.8248
22.8298
37.7011
24.3286
22.6366
38.0203
22.7282
37.387
20.3523
38.1171
23.3113
21.1575
38.4809
22.5157
24.079
36.9706
23.4046
37.385
22.6702
21.4945
39.0218
23.4303
19.9675
38.189
24.2212
38.1913
21.2021
22.4963
38.6733
22.4481
22.7417
37.5024
22.6789
36.5771
23.9999
22.2459
40.0023
21.7046
37.865
22.8989
21.5047
38.8649
19.8629
2
2
2
2
2
2
2
2
2
2
2
2
2
2
2
2
2
2
2
2
2
2
2
2
2
2
2
2
2
2
2
2
2
2
2
2
2
2
2
2
2
2
2
2
2
2
2
2
2
2
2
2
2
2
2
2
