1
6
0
3
2
7
5
4
9
14
8
11
10
15
13
12
17
26
31
27
21
24
22
23
29
20
18
16
30
28
19
25
33
38
32
35
34
39
37
36
41
50
55
51
45
48
46
47
53
44
42
40
54
52
43
49
1562.533
105331
585.4263
232.5142
196.2191
117.6181
520.3596
24.4468
35.8281
21.1223
23.0166
38.7752
22.2407
40.7292
24.1082
22.9906
37.8899
20.3816
24.7675
36.2895
24.0335
37.9132
24.2287
23.215
39.6373
23.9636
22.5319
37.8121
23.5954
39.0502
24.3733
22.4201
31.2181
38.0452
23.5804
23.2754
37.3977
24.8841
27.4931
25.8038
39.5626
20.3468
23.2556
37.8334
23.7546
40.0134
23.1158
24.4234
39.0368
23.2643
37.8366
24.6312
23.5377
37.6213
16.3784
42.1554
1
2
2
2
2
2
2
2
2
2
2
2
2
2
2
2
2
2
2
2
2
2
2
2
2
2
2
2
2
2
2
2
2
2
2
2
2
2
2
2
2
2
2
2
2
2
2
2
2
2
2
2
2
2
2
2
