6
2
0
3
7
1
4
5
14
10
8
11
15
9
12
13
29
22
30
17
16
28
23
27
20
18
31
25
24
26
19
21
38
34
32
35
39
33
36
37
53
46
54
41
40
52
47
51
44
42
55
49
48
50
43
45
17.1741
35.0557
20.7245
36.3231
21.8457
21.914
38.3142
22.2301
22.2818
38.5726
22.2648
37.9425
22.6496
23.113
38.5386
23.5132
19.9237
36.6048
24.6929
36.5807
22.3502
22.6188
36.3851
22.3107
39.4875
21.8812
23.0214
36.429
22.4315
36.8817
22.846
22.6054
36.9212
21.0413
27.3177
23.4334
38.6619
22.5062
38.3462
20.5364
23.1134
38.6125
23.0273
22.5256
36.4535
22.1882
30.6054
37.1575
22.9755
19.2398
39.1462
20.7431
24.8458
37.5276
22.5532
36.6648
2
2
2
2
2
2
2
2
2
2
2
2
2
2
2
2
2
2
2
2
2
2
2
2
2
2
2
2
2
2
2
2
2
2
2
2
2
2
2
2
2
2
2
2
2
2
2
2
2
2
2
2
2
2
2
2
