5
6
3
0
2
1
4
7
13
14
11
8
10
9
12
15
16
18
19
28
20
24
30
29
31
23
25
27
21
26
17
22
37
38
35
32
34
33
36
39
40
42
43
52
44
48
54
53
55
47
49
51
45
50
41
46
16.9983
21.0109
21.3017
16.5981
23.966
18.1357
5.978
25.6806
14.1625
22.7575
35.2028
14.6955
33.0809
27.1052
13.8457
35.8783
18.7322
25.8919
32.6384
17.5087
32.6795
16.3429
22.7812
38.5047
11.7582
21.0943
17.2958
13.7414
16.0023
7.2015
14.5185
22.7077
9.2203
21.5459
9.9188
22.242
19.0435
14.4257
9.645
21.8224
6.5082
22.4288
8.9758
14.6109
16.5282
18.2657
14.8124
22.3933
22.4095
11.8949
4.8802
21.3614
13.6367
12.9126
11.855
22.4217
2
2
2
2
2
2
2
2
2
2
2
2
2
2
2
2
2
2
2
2
2
2
2
2
2
2
2
2
2
2
2
2
2
2
2
2
2
2
2
2
2
2
2
2
2
2
2
2
2
2
2
2
2
2
2
2
