7
3
5
1
6
0
2
4
15
11
13
9
14
8
10
12
22
17
21
18
31
29
25
26
19
27
28
30
24
20
23
16
39
35
37
33
38
32
34
36
46
41
45
42
55
53
49
50
43
51
52
54
48
44
47
40
26.8567
22.5841
4.5795
8.0422
6.8586
28.8557
22.5078
21.8718
5.9385
7.8467
6.3996
13.2488
16.1213
6.5446
7.0103
8.009
27.9028
17.5755
10.6532
4.3045
12.0904
18.1061
15.9198
3.9399
6.432
19.1399
3.8218
5.2831
7.3031
20.1497
6.1945
26.7307
17.8011
6.1068
7.4623
99.1187
508.0873
7.5934
25.1713
5.2144
7.0933
21.8615
5.7367
28.3342
15.0684
6.1791
5.579
7.45
9.2535
19.6535
16.6574
7.1652
8.9102
5.7149
25.7612
15.9755
1
1
1
1
1
1
1
1
1
1
1
1
1
1
1
1
1
1
1
1
1
1
1
1
1
1
1
1
1
1
1
1
1
1
1
2
2
2
2
2
2
2
2
2
2
2
2
2
2
2
2
2
2
2
2
2
