0
4
2
6
7
5
3
1
8
12
10
14
15
13
11
9
26
25
30
18
19
29
23
27
17
21
28
31
16
24
20
22
32
36
34
38
39
37
35
33
50
49
54
42
43
53
47
51
41
45
52
55
40
48
44
46
26.5304
19.9162
21.6197
35.6148
22.4735
15.6274
33.2911
19.5792
43.3995
11.6306
36.3658
18.2585
17.5225
36.7123
23.213
17.1907
20.011
28.0217
21.3155
37.5411
22.129
29.4526
10.7662
18.7824
40.418
17.163
21.0121
30.6888
18.0148
42.6533
10.0235
25.2563
30.1788
20.8075
38.8294
19.8854
12.064
34.9871
21.7466
18.9716
22.8962
33.8355
25.4463
19.951
20.7822
40.6764
17.0556
23.3872
26.9009
21.2053
32.5626
23.1186
16.7146
26.9819
27.8783
39.5595
2
2
2
2
2
2
2
2
2
2
2
2
2
2
2
2
2
2
2
2
2
2
2
2
2
2
2
2
2
2
2
2
2
2
2
2
2
2
2
2
2
2
2
2
2
2
2
2
2
2
2
2
2
2
2
2
