0
2
4
3
7
1
5
6
8
10
12
11
15
9
13
14
30
17
24
16
23
18
20
22
25
26
21
27
29
19
31
28
32
34
36
35
39
33
37
38
54
41
48
40
47
42
44
46
49
50
45
51
53
43
55
52
590.3527
519.6302
28.4749
28.6412
24.2003
17.9109
25.9232
21.707
34.4573
17.3973
17.4562
27.2012
19.3746
37.1876
14.3253
23.2146
28.6574
22.1981
34.9855
16.448
17.4633
28.6285
21.1966
15.0657
30.3095
20.3836
22.449
34.8294
30.0275
19.1759
18.2649
26.5138
24.2038
11.7922
41.4211
16.0537
25.8643
28.1106
8.8904
37.4444
21.9919
18.5762
20.7739
27.9534
19.6476
32.4764
22.2902
28.3725
19.403
27.1747
27.0748
18.3214
25.9034
29.2472
27.7843
30.8745
1
1
1
1
1
1
1
1
1
1
1
1
1
1
1
1
1
1
1
1
1
1
1
1
1
1
1
1
1
1
1
1
1
1
1
1
1
1
1
1
1
1
1
1
1
1
1
1
1
1
1
1
1
1
1
1
