0
1
5
7
3
4
2
6
8
9
13
15
11
12
10
14
18
29
22
17
31
24
21
26
25
20
16
28
30
27
23
19
32
33
37
39
35
36
34
38
42
53
46
41
55
48
45
50
49
44
40
52
54
51
47
43
7.8668
21.8647
22.108
17.1725
14.7148
22.4462
20.9375
16.5645
11.036
19.1944
21.771
12.7624
6.1688
22.9108
11.7218
15.5698
15.1443
19.8854
22.3388
14.3048
20.3002
22.2874
16.3769
10.4616
17.6897
18.7943
14.2649
12.4602
19.8427
15.7159
38.114
11.6089
24.1367
32.0636
16.7881
33.649
11.4919
21.9694
29.1528
18.5055
23.2889
27.4686
20.3788
36.2228
11.9296
32.8111
17.2243
19.5682
36.6372
17.5877
13.2085
28.8786
18.7425
39.2526
23.1273
13.7398
2
2
2
2
2
2
2
2
2
2
2
2
2
2
2
2
2
2
2
2
2
2
2
2
2
2
2
2
2
2
2
2
2
2
2
2
2
2
2
2
2
2
2
2
2
2
2
2
2
2
2
2
2
2
2
2
