0
6
7
5
1
3
2
4
8
14
15
13
9
11
10
12
27
21
20
24
28
30
22
17
25
29
18
31
19
26
16
23
32
38
39
37
33
35
34
36
51
45
44
48
52
54
46
41
49
53
42
55
43
50
40
47
22.8543
28.9999
22.5173
39.7326
20.1153
15.0739
18.1685
36.3591
14.2103
42.7279
16.1086
30.142
18.3312
20.6601
42.9733
14.8713
16.9461
41.8955
11.7922
41.2314
18.7073
14.7042
34.5817
14.9187
22.1886
35.3485
19.4023
17.0418
27.0274
24.1501
31.4426
12.5862
22.5592
20.9386
23.9735
33.758
18.8424
23.3663
30.8069
19.6156
31.5579
20.8114
17.1401
18.1661
33.7888
32.2923
14.5359
19.5781
17.4819
10.3245
27.5255
7.4291
5.195
11.3216
5.8168
7.9399
1
1
1
1
1
1
1
1
1
1
1
1
1
1
1
1
1
1
1
1
1
1
1
1
1
1
1
1
1
1
1
1
1
1
1
1
1
1
1
1
1
1
1
1
1
1
1
1
1
1
1
1
1
1
1
1
