6
0
5
3
4
1
2
7
14
8
13
11
12
9
10
15
24
25
19
16
22
21
23
28
17
18
29
27
26
31
20
30
38
32
37
35
36
33
34
39
48
49
43
40
46
45
47
52
41
42
53
51
50
55
44
54
1228.303
523.4269
25.5407
35.6369
24.28
30.1349
31.7969
24.461
24.7936
34.91
28.9169
34.616
22.5094
22.8566
38.9965
27.305
35.4267
22.0697
23.1668
37.9428
28.1963
34.251
21.4866
19.2924
37.8571
25.0283
17.7137
25.8816
33.34
38.2972
28.8801
19.7163
24.2066
34.75
23.6539
43.1186
16.2216
39.002
22.9246
25.5292
40.8987
18.9463
24.5838
34.4347
22.477
45.1859
19.8257
20.6846
37.7457
22.4628
43.083
16.8588
27.4615
30.4695
22.7986
22.5757
2
2
2
2
2
2
2
2
2
2
2
2
2
2
2
2
2
2
2
2
2
2
2
2
2
2
2
2
2
2
2
2
2
2
2
2
2
2
2
2
2
2
2
2
2
2
2
2
2
2
2
2
2
2
2
2
