5
2
4
1
6
7
0
3
13
10
12
9
14
15
8
11
26
17
30
21
31
22
25
27
19
29
28
18
23
24
16
20
37
34
36
33
38
39
32
35
50
41
54
45
55
46
49
51
43
53
52
42
47
48
40
44
16.9102
40.7043
22.1175
19.1581
27.087
32.5921
22.059
38.5185
21.3072
25.8172
32.3816
23.1995
39.8873
19.021
24.3828
34.5888
22.3916
37.9361
26.1226
23.0182
34.9965
22.8776
38.3758
21.2412
26.2897
32.7055
23.2651
23.5642
39.209
27.3378
31.1782
21.4166
21.7078
38.5864
27.1727
19.5065
35.9869
22.2016
38.7942
22.3762
20.06
27.0873
31.3749
39.6487
25.3479
17.1357
14.5398
30.8377
21.4016
40.1169
18.1767
26.3731
30.3861
19.8858
36.5258
18.2364
2
2
2
2
2
2
2
2
2
2
2
2
2
2
2
2
2
2
2
2
2
2
2
2
2
2
2
2
2
2
2
2
2
2
2
2
2
2
2
2
2
2
2
2
2
2
2
2
2
2
2
2
2
2
2
2
