6
1
4
2
0
7
5
3
14
9
12
10
8
15
13
11
30
22
21
19
25
29
27
17
20
23
28
16
24
26
18
31
38
33
36
34
32
39
37
35
54
46
45
43
49
53
51
41
44
47
52
40
48
50
42
55
10.0491
26.3174
28.2081
23.5267
40.3409
16.2753
23.96
34.1317
24.2334
21.3147
35.6065
27.3493
29.4593
21.4597
22.1214
37.0832
26.4023
15.7961
34.3217
23.0704
37.1452
25.4364
15.6045
36.9078
20.7083
38.4825
20.5084
19.8316
35.9154
21.5083
21.6711
40.28
15.8111
36.4547
21.0354
18.364
42.3257
15.7732
14.5189
20.9216
21.2993
42.2636
15.6361
20.2836
36.8971
22.3099
38.8863
18.9613
21.7287
35.2252
19.866
20.7095
37.6782
21.1433
21.737
35.4958
1
1
1
1
1
1
1
1
1
1
1
1
1
1
1
1
1
1
1
1
1
1
1
1
1
1
1
1
1
1
1
1
1
1
1
1
1
1
1
1
1
1
1
1
1
1
1
1
1
1
1
1
1
1
1
1
