5
3
2
6
4
7
1
0
13
11
10
14
12
15
9
8
25
22
20
26
18
28
21
31
17
30
23
24
29
19
27
16
37
35
34
38
36
39
33
32
49
46
44
50
42
52
45
55
41
54
47
48
53
43
51
40
31.6029
19.8735
40.5653
23.1344
22.9752
37.7789
27.4994
34.2285
21.2697
23.2679
40.0967
26.5686
18.5983
37.8551
21.3289
40.2476
26.9183
20.3993
38.2154
22.6516
22.268
43.9478
17.4494
39.117
22.639
20.1485
43.8783
17.1654
23.0581
36.5273
21.1093
41.5628
20.9477
21.9993
36.9979
21.615
43.3761
18.1574
22.9973
38.0578
22.748
42.1467
20.1031
21.1646
37.5509
23.4362
23.4441
37.8986
19.806
39.6527
19.966
23.2821
39.0929
22.473
19.5105
38.3778
2
2
2
2
2
2
2
2
2
2
2
2
2
2
2
2
2
2
2
2
2
2
2
2
2
2
2
2
2
2
2
2
2
2
2
2
2
2
2
2
2
2
2
2
2
2
2
2
2
2
2
2
2
2
2
2
