5
1
6
7
2
4
3
0
13
9
14
15
10
12
11
8
18
28
29
30
20
19
17
21
26
25
22
27
16
31
24
23
37
33
38
39
34
36
35
32
42
52
53
54
44
43
41
45
50
49
46
51
40
55
48
47
21.0619
30.6263
21.5063
36.4993
22.0155
27.1363
35.591
23.2114
42.183
17.7943
28.0711
30.7231
24.1279
415.34
518.5408
25.4897
34.6267
21.9116
35.8075
21.4392
24.2461
35.2979
21.9109
19.9371
37.7034
28.5115
31.896
18.8503
23.9968
37.1634
27.4619
16.5104
37.9626
18.9123
36.4317
22.4422
16.9023
38.7673
22.6172
22.7543
33.9369
20.5969
26.6765
32.9086
22.8171
42.2233
16.0276
23.9391
31.806
23.3477
41.4498
14.2119
27.1186
29.7848
23.2047
41.7508
2
2
2
2
2
2
2
2
2
2
2
2
2
1
1
1
1
1
1
1
1
1
1
1
1
1
1
1
1
1
1
1
1
1
1
1
1
1
1
1
1
1
1
1
1
1
1
1
1
1
1
1
1
1
1
1
