7
6
5
3
1
2
4
0
15
14
13
11
9
10
12
8
30
20
22
19
27
26
16
17
24
21
28
18
25
31
29
23
39
38
37
35
33
34
36
32
54
44
46
43
51
50
40
41
48
45
52
42
49
55
53
47
18.0942
35.9454
17.9338
34.8452
19.0715
18.0041
35.4314
19.9336
18.4639
27.4947
31.2671
36.3219
22.712
18.7914
25.7935
32.5672
22.2372
36.8323
19.7388
25.9745
31.2497
20.284
36.2536
21.4561
23.9766
33.5853
21.647
35.9521
22.9637
18.7105
36.0272
20.0165
35.5405
21.7694
22.8088
31.719
22.8282
20.1078
36.2235
26.2012
28.5969
22.4477
22.317
35.2924
23.0731
32.7731
19.4567
21.5434
38.3604
22.9289
12.9086
37.788
20.1315
37.3763
20.3069
20.685
1
1
1
1
1
1
1
1
1
1
1
1
1
1
1
1
1
1
1
1
1
1
1
1
1
1
1
1
1
1
1
1
1
1
1
1
1
1
1
1
1
1
1
1
1
1
1
1
1
1
1
1
1
1
1
1
