4
1
7
3
5
2
6
0
12
9
15
11
13
10
14
8
17
18
30
25
24
22
29
20
26
23
16
31
21
28
27
19
36
33
39
35
37
34
38
32
41
42
54
49
48
46
53
44
50
47
40
55
45
52
51
43
17.724
19.7684
39.0636
19.9059
36.3828
21.9286
19.6744
37.7817
23.2987
21.3262
38.6638
22.1329
37.4806
21.5707
20.6099
37.5912
20.3136
23.2489
37.9215
21.7193
38.9345
22.1435
19.0309
38.6867
23.6017
37.2199
21.6047
20.7699
36.8663
23.1723
22.3284
39.1383
23.3465
35.0549
20.1157
20.9797
35.1126
20.7897
20.8805
37.0709
18.0606
35.7218
20.7399
21.1389
33.9429
21.1184
21.2416
38.072
21.5257
35.74
22.2617
23.1462
38.2218
21.598
38.1206
21.4818
1
1
1
1
1
1
1
1
1
1
1
1
1
1
1
1
1
1
1
1
1
1
1
1
1
1
1
1
1
1
1
1
1
1
1
1
1
1
1
1
1
1
1
1
1
1
1
1
1
1
1
1
1
1
1
1
