6
5
7
2
1
3
0
4
14
13
15
10
9
11
8
12
22
30
27
21
17
31
29
23
24
26
28
16
25
20
19
18
38
37
39
34
33
35
32
36
46
54
51
45
41
55
53
47
48
50
52
40
49
44
43
42
16.0742
36.9769
22.9191
21.999
36.5036
21.1555
37.8073
22.3549
22.3249
38.5793
22.3075
27.1272
21.754
37.3104
21.5186
20.9497
36.359
24.3899
35.9312
22.3462
20.6684
36.199
22.7867
37.4589
22.1759
22.046
36.2887
22.4244
21.3708
37.1903
22.8653
38.4861
20.8549
22.0815
38.1455
21.7477
21.9685
36.8276
22.1858
37.6963
22.0227
21.8745
37.1389
21.8686
22.7432
38.1151
21.5225
39.4216
20.1674
21.5478
36.6905
23.2786
37.4091
21.1199
21.3443
37.176
1
1
1
1
1
1
1
1
1
1
1
1
1
1
1
1
1
1
1
1
1
1
1
1
1
1
1
1
1
1
1
1
1
1
1
1
1
1
1
1
1
1
1
1
1
1
1
1
1
1
1
1
1
1
1
1
