0
2
7
5
1
6
4
3
8
10
15
13
9
14
12
11
17
24
19
23
16
18
28
29
27
30
31
20
21
26
25
22
32
34
39
37
33
38
36
35
41
48
43
47
40
42
52
53
51
54
55
44
45
50
49
46
1306.988
507.8176
25.5833
38.59
24.4626
40.9508
24.8568
24.0268
40.3381
23.8542
22.6433
40.4238
24.2528
41.0986
22.872
24.4894
37.8062
26.008
37.6876
25.7994
22.3241
38.2186
24.5878
22.8203
38.9052
21.5695
39.0862
25.3578
33.5395
24.3756
24.201
28.0908
40.1204
24.1019
39.4058
24.1524
24.0114
37.98
24.5755
23.6231
41.5031
23.5306
38.8681
22.8392
23.2398
39.1533
24.3828
40.9844
22.9601
23.5871
39.5041
25.2278
21.8528
38.9724
22.9933
40.3022
1
1
1
1
1
1
1
1
1
1
1
1
1
1
1
1
1
1
1
1
1
1
1
1
1
1
1
1
1
1
1
1
1
1
1
1
1
1
1
1
1
1
1
1
1
1
1
1
1
1
1
1
1
1
1
1
