2
7
5
0
1
6
4
3
10
15
13
8
9
14
12
11
18
17
19
29
27
21
30
31
24
26
23
20
28
22
25
16
34
39
37
32
33
38
36
35
42
41
43
53
51
45
54
55
48
50
47
44
52
46
49
40
19.1885
20.7735
40.3982
18.1534
37.8137
22.6109
22.059
35.7649
19.9166
21.9373
37.8599
21.7418
37.6086
22.1522
18.5437
37.338
21.6383
22.6235
37.3368
21.3412
33.1421
22.3988
21.2487
39.1901
22.2885
36.2753
21.5814
21.3949
38.0373
22.7543
20.7186
36.8948
22.025
37.8212
22.2518
21.5024
34.8329
18.652
22.2312
37.2689
22.65
34.9854
23.6468
23.4141
35.6306
22.8985
37.5213
19.7064
21.3305
39.9537
21.018
21.9812
36.0959
20.6285
22.4138
37.6043
1
1
1
1
1
1
1
1
1
1
1
1
1
1
1
1
1
1
1
1
1
1
1
1
1
1
1
1
1
1
1
1
1
1
1
1
1
1
1
1
1
1
1
1
1
1
1
1
1
1
1
1
1
1
1
1
