4
0
7
1
6
2
3
5
12
8
15
9
14
10
11
13
25
24
19
20
21
31
23
30
16
22
27
28
17
29
26
18
36
32
39
33
38
34
35
37
49
48
43
44
45
55
47
54
40
46
51
52
41
53
50
42
34.7168
21.6466
22.8072
38.4651
22.9175
38.8104
23.9047
23.0119
37.6825
24.1983
51.2319
7.4686
23.0443
38.5062
23.0727
21.9879
39.0202
23.4951
34.7946
23.947
23.0522
38.426
22.1902
36.5135
23.0538
23.6922
39.5342
22.8211
22.2791
35.512
19.5274
35.8241
23.2549
22.2115
38.4983
22.0918
22.7587
37.5857
22.1258
39.1869
24.1967
20.8671
38.2881
22.1222
22.7835
29.7706
21.1417
40.7861
21.9259
21.2633
37.95
22.5054
38.2506
21.291
23.755
38.1179
1
1
1
1
1
1
1
1
1
1
1
1
1
1
1
1
1
1
1
1
1
1
1
1
1
1
1
1
1
1
1
1
1
1
1
1
1
1
1
1
1
1
1
1
1
1
1
1
1
1
1
1
1
1
1
1
