1
5
7
0
4
6
2
3
9
13
15
8
12
14
10
11
28
31
29
18
26
17
20
19
27
16
30
24
25
21
23
22
33
37
39
32
36
38
34
35
52
55
53
42
50
41
44
43
51
40
54
48
49
45
47
46
20.1481
20.2603
38.5374
22.8475
22.0061
38.6133
22.1092
38.3055
21.195
21.9772
38.6974
24.4689
22.7085
38.6358
22.4604
38.7342
22.127
24.2812
40.2259
21.5853
38.6038
23.4295
23.6985
38.1791
23.0767
23.6148
39.6041
23.0787
38.8436
23.9632
21.2144
38.6275
22.5568
23.4409
38.5896
22.62
22.8969
44.5605
23.8585
23.0372
37.6592
21.3775
24.0699
39.1632
23.9494
37.9733
21.5367
23.2391
40.2148
23.2703
23.3283
38.9862
22.7903
37.4984
23.5978
24.0948
1
1
1
1
1
1
1
1
1
1
1
1
1
1
1
1
1
1
1
1
1
1
1
1
1
1
1
1
1
1
1
1
1
1
1
1
1
1
1
1
1
1
1
1
1
1
1
1
1
1
1
1
1
1
1
1
