4
0
2
3
6
5
1
7
12
8
10
11
14
13
9
15
31
29
22
24
20
25
19
17
21
28
18
16
30
27
23
26
36
32
34
35
38
37
33
39
55
53
46
48
44
49
43
41
45
52
42
40
54
51
47
50
19.919
41.3637
20.3942
26.4782
33.9852
22.1428
44.1446
18.5303
27.2841
32.4843
22.9934
41.6782
19.4259
27.3284
35.0313
22.8468
42.8267
18.3917
24.2532
39.04
24.113
23.2968
36.8565
27.4192
31.6843
22.4972
24.0956
36.9331
29.8327
16.2512
39.7614
23.1403
38.2716
26.2269
20.141
37.2673
23.4188
39.0728
21.4396
22.7832
25.1812
36.7834
22.5702
43.7784
17.2622
30.8571
30.3415
24.3587
41.2164
19.0886
27.023
34.2115
23.0992
42.251
20.1856
28.5665
1
1
1
1
1
1
1
1
1
1
1
1
1
1
1
1
1
1
1
1
1
1
1
1
1
1
1
1
1
1
1
1
1
1
1
1
1
1
1
1
1
1
1
1
1
1
1
1
1
1
1
1
1
1
1
1
