7
4
2
5
1
3
0
6
15
12
10
13
9
11
8
14
25
16
19
28
22
23
29
31
17
30
27
18
24
20
26
21
39
36
34
37
33
35
32
38
49
40
43
52
46
47
53
55
41
54
51
42
48
44
50
45
23.2968
17.5032
28.704
30.0417
37.9615
27.0657
17.0374
24.8015
31.7207
22.3059
43.676
16.5021
24.1568
34.6366
23.3149
41.0023
17.9053
27.8455
33.2002
22.7954
43.138
15.5109
28.0063
34.5359
20.8569
42.0346
18.752
25.9026
31.9664
22.2787
22.6449
38.5304
25.707
31.8495
23.3224
21.3029
40.4389
25.7809
16.429
38.001
22.8567
38.5406
25.0737
19.9403
25.3934
31.4074
39.0368
28.6973
15.7376
20.5159
34.2803
22.9475
41.485
20.0569
23.4895
34.8124
1
1
1
1
1
1
1
1
1
1
1
1
1
1
1
1
1
1
1
1
1
1
1
1
1
1
1
1
1
1
1
1
1
1
1
1
1
1
1
1
1
1
1
1
1
1
1
1
1
1
1
1
1
1
1
1
