7
0
1
2
5
6
3
4
15
8
9
10
13
14
11
12
23
25
20
26
22
29
24
27
18
16
21
19
30
28
17
31
39
32
33
34
37
38
35
36
47
49
44
50
46
53
48
51
42
40
45
43
54
52
41
55
25.3839
25.1219
23.8095
36.8995
25.6205
36.6941
22.0571
21.882
37.0279
27.1332
32.446
24.3176
22.9969
38.7093
24.3358
19.915
34.6299
21.9622
40.4733
25.7201
17.1429
28.7952
31.1269
24.9536
43.0313
16.1947
27.8894
32.6732
23.247
43.5433
16.8896
27.2482
36.2907
20.7877
40.7415
21.1484
28.0233
31.1123
22.6923
39.8372
20.081
26.202
34.0748
23.8151
23.5903
37.9729
25.9042
34.4513
23.772
21.5715
39.8807
23.52
22.1388
36.9086
23.0562
36.2244
1
1
1
1
1
1
1
1
1
1
1
1
1
1
1
1
1
1
1
1
1
1
1
1
1
1
1
1
1
1
1
1
1
1
1
1
1
1
1
1
1
1
1
1
1
1
1
1
1
1
1
1
1
1
1
1
