2
3
7
1
5
6
4
0
10
11
15
9
13
14
12
8
27
26
31
23
21
18
19
29
16
17
24
30
20
28
22
25
34
35
39
33
37
38
36
32
51
50
55
47
45
42
43
53
40
41
48
54
44
52
46
49
25.7943
22.7346
22.5655
37.3997
22.7626
17.3163
28.3476
29.6296
38.6275
26.5833
14.6473
27.0352
32.1465
36.4002
27.708
15.6337
26.1396
29.2539
21.5032
43.2375
15.2956
26.0784
30.6489
23.0976
40.2098
19.0807
27.8471
29.101
23.1537
42.5738
13.3187
27.889
31.1921
20.6976
39.4971
20.0312
26.3656
32.401
21.8034
22.4059
38.3293
25.3068
17.3072
35.8676
21.9879
39.4105
26.1594
14.7535
39.1079
19.8862
38.609
23.6717
18.9511
28.0438
28.5262
22.8183
1
1
1
1
1
1
1
1
1
1
1
1
1
1
1
1
1
1
1
1
1
1
1
1
1
1
1
1
1
1
1
1
1
1
1
1
1
1
1
1
1
1
1
1
1
1
1
1
1
1
1
1
1
1
1
1
