5
0
4
7
2
3
6
1
13
8
12
15
10
11
14
9
20
19
23
25
28
22
24
27
26
17
31
16
29
18
21
30
37
32
36
39
34
35
38
33
44
43
47
49
52
46
48
51
50
41
55
40
53
42
45
54
18.4734
41.8224
15.9944
26.1776
31.7325
20.6589
44.2275
17.2847
26.1633
30.9764
23.4445
22.9566
38.9926
27.9988
30.4509
20.6103
21.4131
38.9061
27.7989
31.2008
24.3776
20.4262
36.3267
24.1718
20.4215
27.7839
31.4694
23.3363
40.719
18.6433
25.0026
33.2563
36.0225
25.5913
18.3075
27.834
31.2458
23.3947
41.8769
14.9918
28.143
33.4578
21.037
42.8705
17.4988
24.9896
35.6349
22.9124
22.4908
35.2122
27.3825
33.9741
21.5048
43.8483
13.5628
29.0892
1
1
1
1
1
1
1
1
1
1
1
1
1
1
1
1
1
1
1
1
1
1
1
1
1
1
1
1
1
1
1
1
1
1
1
1
1
1
1
1
1
1
1
1
1
1
1
1
1
1
1
1
1
1
1
1
