4
6
1
2
7
0
3
5
12
14
9
10
15
8
11
13
31
25
20
30
19
23
16
18
28
26
21
22
29
17
24
27
36
38
33
34
39
32
35
37
55
49
44
54
43
47
40
42
52
50
45
46
53
41
48
51
1754.719
523.776
24.1394
23.6096
40.139
26.5722
35.7428
14.1681
29.3519
39.503
25.5024
19.8494
28.273
34.0172
37.5463
27.7862
19.1348
26.7425
33.9942
25.0793
42.0654
20.1106
27.025
34.2578
23.0471
44.542
17.8449
22.0361
38.1689
24.9967
23.1123
37.9496
26.6374
34.0278
22.01
24.8035
39.9174
27.7902
30.0661
24.3954
23.2861
39.3782
28.9691
18.9128
35.953
23.8791
38.0918
31.2012
15.3588
40.1315
22.5908
40.6131
25.8465
19.4978
28.5136
31.5729
1
1
1
1
1
1
1
1
1
1
1
1
1
1
1
1
1
1
1
1
1
1
1
1
1
1
1
1
1
1
1
1
1
1
1
1
1
1
1
1
1
1
1
1
1
1
1
1
1
1
1
1
1
1
1
1
