7
6
2
1
4
3
0
5
15
14
10
9
12
11
8
13
27
17
25
20
31
18
19
30
22
29
16
28
24
23
26
21
39
38
34
33
36
35
32
37
51
41
49
44
55
42
43
54
46
53
40
52
48
47
50
45
18.8251
22.4711
36.8995
23.13
38.4024
22.7792
23.1561
39.4678
20.8122
38.0073
23.2019
24.4914
37.6201
19.3442
37.4625
24.7383
21.6509
39.211
22.0089
23.5456
35.5709
24.8466
37.4724
23.1549
22.2147
38.8492
24
22.0519
37.1757
22.7769
37.8157
22.4746
24.2536
38.6094
23.1391
24.3219
29.803
22.0954
38.5544
24.7913
36.0889
23.1214
22.0037
40.2394
22.1321
22.3755
38.2775
21.9212
39.5461
21.5593
23.104
38.2909
20.7162
39.5551
22.6485
23.0494
2
2
2
2
2
2
2
2
2
2
2
2
2
2
2
2
2
2
2
2
2
2
2
2
2
2
2
2
2
2
2
2
2
2
2
2
2
2
2
2
2
2
2
2
2
2
2
2
2
2
2
2
2
2
2
2
