1
2
5
4
0
6
3
7
9
10
13
12
8
14
11
15
24
19
16
30
23
21
29
18
28
17
22
26
31
20
25
27
33
34
37
36
32
38
35
39
48
43
40
54
47
45
53
42
52
41
46
50
55
44
49
51
19.0483
23.2466
40.2457
18.8531
23.7218
36.0897
23.4275
39.6184
22.4944
21.6825
39.004
22.3624
39.981
24.3769
23.0775
38.1539
22.8353
23.9419
39.1024
22.4845
24.7261
38.0231
24.1742
39.3477
21.7615
23.264
40.094
22.7279
40.2299
23.5302
23.5666
38.5687
21.1259
23.1743
38.7504
21.389
30.381
39.9877
22.4256
22.9708
37.4159
25.2416
38.9341
21.0749
22.6291
39.2174
23.4765
22.9531
38.652
24.7071
40.2078
22.8452
22.6651
37.4862
21.3428
39.3055
2
2
2
2
2
2
2
2
2
2
2
2
2
2
2
2
2
2
2
2
2
2
2
2
2
2
2
2
2
2
2
2
2
2
2
2
2
2
2
2
2
2
2
2
2
2
2
2
2
2
2
2
2
2
2
2
