0
7
4
6
5
3
2
1
8
15
12
14
13
11
10
9
28
23
31
27
21
30
26
29
20
18
24
19
25
16
22
17
32
39
36
38
37
35
34
33
52
47
55
51
45
54
50
53
44
42
48
43
49
40
46
41
18.5457
40.0249
22.2886
40.9209
24.2785
24.2978
37.9468
23.1466
23.473
39.836
22.6583
40.0549
23.5089
23.1526
37.8086
26.1104
21.1907
39.8345
22.6631
41.1449
23.693
23.1636
37.8532
24.8383
23.0483
40.1604
39.0202
21.3949
20.6735
37.5261
22.9756
40.0024
23.4797
22.3763
39.8534
23.4489
23.9059
40.299
24.1872
36.3488
25.2187
24.2678
38.274
23.9407
23.2565
37.6276
25.0342
37.3934
23.4212
25.1046
37.4001
23.1032
24.3919
39.0455
23.0376
38.5564
2
2
2
2
2
2
2
2
2
2
2
2
2
2
2
2
2
2
2
2
2
2
2
2
2
2
2
2
2
2
2
2
2
2
2
2
2
2
2
2
2
2
2
2
2
2
2
2
2
2
2
2
2
2
2
2
