6
1
2
4
0
3
7
5
14
9
10
12
8
11
15
13
30
19
25
17
20
22
21
26
31
23
29
18
16
24
28
27
38
33
34
36
32
35
39
37
54
43
49
41
44
46
45
50
55
47
53
42
40
48
52
51
1436.218
523.904
23.9688
24.4839
40.1509
24.7249
25.6529
36.6499
22.4094
39.8293
22.9886
24.0241
39.8838
24.1027
40.5353
22.8571
22.2131
28.1785
24.2252
24.3524
41.5834
25.037
37.9417
22.891
24.4464
40.4835
22.5323
24.8837
39.9877
22.8041
40.2086
25.0311
24.3235
40.3982
20.2018
32.945
25.8935
40.0521
23.213
22.9594
37.0781
20.8087
35.6985
24.8205
39.7503
22.4193
41.1196
25.8753
24.2572
37.6138
25.6549
22.3672
39.4947
23.8009
41.5032
22.5801
2
2
2
2
2
2
2
2
2
2
2
2
2
2
2
2
2
2
2
2
2
2
2
2
2
2
2
2
2
2
2
2
2
2
2
2
2
2
2
2
2
2
2
2
2
2
2
2
2
2
2
2
2
2
2
2
