2
0
6
5
7
1
4
3
10
8
14
13
15
9
12
11
22
16
24
26
29
25
21
27
23
30
20
28
17
19
18
31
34
32
38
37
39
33
36
35
46
40
48
50
53
49
45
51
47
54
44
52
41
43
42
55
18.3071
25.4435
24.1868
37.1761
23.3951
37.069
23.7396
40.9647
20.6052
21.5356
38.5438
24.3168
23.537
38.0349
23.1952
39.5058
22.2313
21.9152
38.3415
24.5693
20.286
40.2742
22.6998
37.5988
23.5543
21.6403
39.426
22.4497
39.7108
22.9463
24.081
35.5587
23.5646
23.5923
40.3808
21.5826
37.2385
25.0121
22.3861
38.9922
24.0584
22.9989
37.5992
21.4668
39.6014
23.1387
21.7268
37.4854
25.809
22.0571
38.4122
23.0479
38.7879
23.407
22.3372
39.3655
2
2
2
2
2
2
2
2
2
2
2
2
2
2
2
2
2
2
2
2
2
2
2
2
2
2
2
2
2
2
2
2
2
2
2
2
2
2
2
2
2
2
2
2
2
2
2
2
2
2
2
2
2
2
2
2
