2
6
4
3
1
7
0
5
10
14
12
11
9
15
8
13
19
16
22
30
28
20
25
24
31
18
27
23
29
17
26
21
34
38
36
35
33
39
32
37
43
40
46
54
52
44
49
48
55
42
51
47
53
41
50
45
33.6095
22.304
21.8682
38.7567
21.7947
38.7603
21.7781
20.2611
39.6646
20.6589
22.1471
35.6203
21.8378
35.0981
23.8712
20.6538
38.6607
21.5913
20.7774
38.6287
21.9263
36.9959
21.8078
20.7933
37.0493
23.3568
37.3029
22.0179
21.835
38.6528
23.0032
21.21
37.5621
22.9301
34.8847
20.6724
23.23
37.1844
21.4581
22.7855
36.1284
23.3647
37.2851
23.533
21.1745
37.82
22.0203
23.2557
36.8142
23.6085
37.2835
21.9591
23.5267
37.376
21.7552
40.333
2
2
2
2
2
2
2
2
2
2
2
2
2
2
2
2
2
2
2
2
2
2
2
2
2
2
2
2
2
2
2
2
2
2
2
2
2
2
2
2
2
2
2
2
2
2
2
2
2
2
2
2
2
2
2
2
