5
7
3
1
2
0
4
6
13
15
11
9
10
8
12
14
26
17
18
28
21
23
31
30
24
29
22
25
20
19
27
16
37
39
35
33
34
32
36
38
50
41
42
52
45
47
55
54
48
53
46
49
44
43
51
40
28.3717
21.3424
33.5367
20.3417
22.5054
32.2927
20.3899
42.1214
15.2462
21.4617
27.9008
33.2155
41.0089
14.445
25.2551
21.4636
31.0968
39.4551
19.4208
26.063
32.2634
21.7513
21.0093
38.394
27.6618
19.8455
31.7688
21.1824
37.9843
21.7576
26.616
30.9913
19.1288
35.2355
25.3187
21.6422
32.3203
21.3586
37.2784
24.0161
23.9581
29.7501
22.6761
20.8758
41.1586
20.0876
35.0652
21.6157
17.9646
39.0688
22.9372
19.384
38.8543
18.8736
41.1859
21.5162
1
1
1
1
1
1
1
1
1
1
1
1
1
1
1
1
1
1
1
1
1
1
1
1
1
1
1
1
1
1
1
1
1
1
1
1
1
1
1
1
1
1
1
1
1
1
1
1
1
1
1
1
1
1
1
1
