5
2
7
6
4
1
3
0
13
10
15
14
12
9
11
8
17
28
26
18
20
31
22
16
29
27
25
30
23
24
21
19
37
34
39
38
36
33
35
32
41
52
50
42
44
55
46
40
53
51
49
54
47
48
45
43
21.7106
42.5686
14.2822
19.755
30.0641
30.8144
21.3285
34.925
27.5389
20.3855
29.8903
21.2776
38.093
25.611
17.9796
29.1018
26.9688
37.8528
25.9432
21.1219
30.8539
21.372
22.0618
37.7647
27.9154
32.1149
19.8889
22.5959
38.9412
21.9614
34.0159
21.2333
23.3366
37.483
22.9696
238.4955
498.666
40.0849
16.1406
23.226
34.279
22.3387
43.5764
19.2323
14.2356
39.48
20.9805
24.1979
36.2006
16.8817
36.0015
22.2368
41.0682
19.4089
18.072
25.9089
2
2
2
2
2
2
2
2
2
2
2
2
2
2
2
2
2
2
2
2
2
2
2
2
2
2
2
2
2
2
2
2
2
2
2
1
1
1
1
1
1
1
1
1
1
1
1
1
1
1
1
1
1
1
1
1
