1
3
5
7
0
2
4
6
9
11
13
15
8
10
12
14
20
30
17
24
22
19
27
29
23
31
25
18
16
21
26
28
33
35
37
39
32
34
36
38
44
54
41
48
46
43
51
53
47
55
49
42
40
45
50
52
1550.523
513.0791
33.9733
42.9475
20.8849
21.9365
27.6163
36.7671
21.9646
42.4493
17.4913
39.3943
22.1084
24.9643
43.6151
17.0919
29.2009
32.798
23.7732
45.0532
15.8514
28.4811
23.2995
30.7097
26.0657
38.3509
28.7995
21.9531
34.1352
23.4792
39.4362
22.0025
27.8
34.7476
22.9949
37.0919
29.1144
20.0473
31.5373
22.8171
36.9347
195.5657
512.1641
35.6673
22.5027
37.0224
27.4085
35.2975
22.0424
21.417
37.9322
28.0122
14.1653
39.0316
19.9525
36.3717
1
1
1
1
1
1
1
1
1
1
1
1
1
1
1
1
1
1
1
1
1
1
1
1
1
1
1
1
1
1
1
1
1
1
1
1
1
1
1
1
1
2
2
2
2
2
2
2
2
2
2
2
2
2
2
2
