7
1
6
4
0
3
5
2
15
9
14
12
8
11
13
10
27
22
28
24
17
19
26
29
16
30
21
20
18
31
23
25
39
33
38
36
32
35
37
34
51
46
52
48
41
43
50
53
40
54
45
44
42
55
47
49
32.6676
9.6596
43.2592
22.0922
18.281
38.6172
22.0558
44.9339
21.2389
16.2737
26.7219
31.1624
22.1404
41.7817
17.2353
25.9899
30.4995
22.1483
46.0487
13.0781
26.5299
24.4669
33.1666
43.2564
16.1054
27.9126
29.7422
21.0804
41.3988
20.2962
23.3947
21.31
33.8441
22.1119
36.8074
30.3652
19.4192
30.8424
24.4855
36.0552
27.7597
20.6514
30.4015
21.0192
38.2218
215.6289
514.2911
24.9398
21.15
33.626
20.5333
33.7445
26.095
19.5397
36.2931
22.0811
1
1
1
1
1
1
1
1
1
1
1
1
1
1
1
1
1
1
1
1
1
1
1
1
1
1
1
1
1
1
1
1
1
1
1
1
1
1
1
1
1
1
1
1
1
2
2
2
2
2
2
2
2
2
2
2
