6
4
5
7
3
0
1
2
14
12
13
15
11
8
9
10
26
21
24
20
23
27
19
17
29
16
31
18
22
28
30
25
38
36
37
39
35
32
33
34
50
45
48
44
47
51
43
41
53
40
55
42
46
52
54
49
21.9452
13.3921
37.4253
23.1735
27.0111
41.4372
20.184
36.0639
23.898
21.2914
42.7531
23.3647
32.444
22.3107
23.7941
41.5395
19.915
20.06
27.9423
31.1474
45.1993
18.6611
19.5772
25.8172
32.5301
37.6821
23.5298
17.7398
27.4567
31.3994
23.3959
26.9384
31.4678
28.559
33.3827
21.7955
43.1229
15.5575
192.6679
510.7047
35.1217
23.4804
36.4013
21.8555
26.9981
32.7739
21.6549
23.9032
38.874
27.8751
32.3622
21.6841
21.7027
43.0127
23.1035
17.2922
2
2
2
2
2
2
2
2
2
2
2
2
2
2
2
2
2
2
2
2
2
2
2
2
2
2
2
2
2
2
2
2
2
2
2
2
2
2
1
1
1
1
1
1
1
1
1
1
1
1
1
1
1
1
1
1
