7
6
5
4
0
2
1
3
15
14
13
12
8
10
9
11
28
22
18
30
17
29
16
26
27
19
23
25
20
31
24
21
39
38
37
36
32
34
33
35
52
46
42
54
41
53
40
50
51
43
47
49
44
55
48
45
34.0531
24.139
23.6503
31.947
20.9137
39.7653
26.5702
19.4291
33.8417
22.5477
37.0457
29.3902
13.2112
36.781
23.499
36.5139
27.0297
19.832
32.0221
20.1469
23.5764
39.6942
24.3061
30.3344
19.9352
22.3502
45.5561
18.1854
34.2411
20.7269
22.0412
43.943
15.4476
20.922
38.8495
20.8703
41.5383
17.9559
20.4175
37.1535
21.6722
23.435
39.8427
19.0028
26.2265
29.871
21.4976
44.5277
14.7275
25.8058
32.2484
23.4907
35.4358
21.3949
24.5672
27.1043
2
2
2
2
2
2
2
2
2
2
2
2
2
2
2
2
2
2
2
2
2
2
2
2
2
2
2
2
2
2
2
2
2
2
2
2
2
2
2
2
2
2
2
2
2
2
2
2
2
2
2
2
2
2
2
2
