5
3
7
2
6
1
0
4
13
11
15
10
14
9
8
12
21
22
29
16
28
25
26
27
18
19
30
20
23
24
31
17
37
35
39
34
38
33
32
36
45
46
53
40
52
49
50
51
42
43
54
44
47
48
55
41
18.2439
23.0692
39.006
21.3096
37.8433
23.612
24.3863
38.6484
20.6068
20.0284
36.5037
21.4336
37.1381
22.2716
21.7667
37.8607
22.2814
22.7397
39.4777
23.2636
38.6421
15.6298
38.6682
23.9565
39.1719
23.9857
21.1606
38.8404
23.1632
22.8077
39.6851
21.2215
39.1079
23.6073
22.5817
38.5912
21.3139
24.5882
37.2934
22.3506
37.3831
22.2064
21.9701
36.2212
23.0846
39.1834
23.279
21.519
37.0157
23.2679
23.5152
38.9637
24.3085
36.5313
23.3094
22.7361
1
1
1
1
1
1
1
1
1
1
1
1
1
1
1
1
1
1
1
1
1
1
1
1
1
1
1
1
1
1
1
1
1
1
1
1
1
1
1
1
1
1
1
1
1
1
1
1
1
1
1
1
1
1
1
1
