7
3
0
1
5
6
2
4
15
11
8
9
13
14
10
12
26
24
31
30
18
21
20
27
19
25
16
17
23
29
28
22
39
35
32
33
37
38
34
36
50
48
55
54
42
45
44
51
43
49
40
41
47
53
52
46
28.7766
22.8626
22.9396
38.5603
22.9684
36.1908
22.8456
22.972
39.584
30.0069
22.8116
17.6438
37.455
21.436
21.5589
37.4502
20.5894
36.7363
22.9175
21.5683
38.5999
22.684
37.3997
22.383
23.2774
39.755
21.2175
21.4494
36.393
22.6816
36.9323
23.0905
23.9521
36.3381
21.5715
21.8998
38.1925
23.2979
27.7262
21.3918
38.6749
22.283
38.6725
22.9799
21.05
38.825
21.9188
23.6191
36.4993
21.4048
29.355
16.0335
23.6239
36.3646
22.9621
36.4732
1
1
1
1
1
1
1
1
1
1
1
1
1
1
1
1
1
1
1
1
1
1
1
1
1
1
1
1
1
1
1
1
1
1
1
1
1
1
1
1
1
1
1
1
1
1
1
1
1
1
1
1
1
1
1
1
