0
4
3
5
1
7
2
6
8
12
11
13
9
15
10
14
31
20
28
17
23
19
26
18
16
25
27
24
30
22
21
29
32
36
35
37
33
39
34
38
55
44
52
41
47
43
50
42
40
49
51
48
54
46
45
53
2059.83
505.4664
39.3556
22.3111
38.1428
22.748
23.0716
37.9543
21.1855
22.6208
37.423
22.4963
28.203
38.2878
23.2853
22.6263
36.2749
22.8298
38.4462
22.7192
23.3955
36.2575
23.9826
22.494
35.9533
23.1944
36.9813
21.3601
21.8812
39.2276
22.8839
38.8551
22.8025
21.8251
37.931
23.0984
22.1127
40.28
21.5608
38.5323
24.2366
22.9408
38.8144
21.2867
24.0521
37.4542
23.2833
39.168
21.3147
23.36
38.6733
23.9265
38.7409
23.1075
21.8935
37.8346
1
1
1
1
1
1
1
1
1
1
1
1
1
1
1
1
1
1
1
1
1
1
1
1
1
1
1
1
1
1
1
1
1
1
1
1
1
1
1
1
1
1
1
1
1
1
1
1
1
1
1
1
1
1
1
1
