6
4
3
1
7
0
5
2
14
12
11
9
15
8
13
10
18
23
19
17
24
20
29
25
16
30
28
31
26
22
21
27
38
36
35
33
39
32
37
34
42
47
43
41
48
44
53
49
40
54
52
55
50
46
45
51
33.464
24.0169
20.9039
38.5647
23.4287
38.138
23.5689
22.7618
36.2887
28.2832
10.2004
5.197
37.8386
20.0177
37.6596
22.6955
23.6152
36.8857
23.1838
21.0137
38.8717
24.2654
36.8035
23.0482
21.0287
38.3292
23.9075
37.839
23.3513
22.7014
35.8688
24.3156
23.2142
38.3063
32.4124
28.6992
23.004
21.8137
38.7539
23.324
22.4371
38.2747
21.9567
38.3213
40.544
7.241
37.564
23.1245
23.2525
37.4372
23.0779
38.4367
22.3565
22.5449
38.2451
23.3114
1
1
1
1
1
1
1
1
1
1
1
1
1
1
1
1
1
1
1
1
1
1
1
1
1
1
1
1
1
1
1
1
1
1
1
1
1
1
1
1
1
1
1
1
1
1
1
1
1
1
1
1
1
1
1
1
