0
3
1
7
2
6
5
4
8
11
9
15
10
14
13
12
23
30
18
21
24
16
20
27
19
28
31
26
17
29
25
22
32
35
33
39
34
38
37
36
47
54
42
45
48
40
44
51
43
52
55
50
41
53
49
46
18.1143
22.9135
37.6956
23.0056
20.4602
26.7883
38.0325
22.3928
38.4817
21.6896
21.645
36.6475
22.1925
37.6932
22.9309
20.4053
39.1624
22.2806
22.6556
37.2223
23.2086
35.7357
23.1055
23.7155
37.8283
22.8807
20.6885
36.7873
22.9961
38.2281
22.8815
22.1195
37.7532
23.3295
20.9347
38.9171
22.0029
37.1215
28.0722
22.9491
22.6101
37.5099
22.9736
36.4547
22.4888
23.4054
38.027
22.9262
20.0371
38.138
23.4176
38.8574
21.9476
23.1529
36.4914
22.8144
1
1
1
1
1
1
1
1
1
1
1
1
1
1
1
1
1
1
1
1
1
1
1
1
1
1
1
1
1
1
1
1
1
1
1
1
1
1
1
1
1
1
1
1
1
1
1
1
1
1
1
1
1
1
1
1
