0
5
6
4
3
7
2
1
8
13
14
12
11
15
10
9
18
31
16
19
23
24
22
30
25
21
17
26
20
28
27
29
32
37
38
36
35
39
34
33
42
55
40
43
47
48
46
54
49
45
41
50
44
52
51
53
17.1456
36.478
23.9403
38.0341
22.3743
23.3102
38.2763
23.0561
21.4411
38.6291
22.6911
39.0708
21.7035
22.296
37.9907
22.767
38.5848
21.1049
23.5887
38.0476
23.6341
21.6138
37.884
21.4573
38.959
22.9285
22.3699
38.1388
21.3586
23.3718
38.0977
22.8361
38.846
22.6465
21.7773
35.8076
21.0919
22.7172
38.4691
19.5219
35.9881
21.502
20.382
36.0371
20.9912
20.9576
36.8367
22.6405
37.2748
22.6781
20.6846
37.8548
22.9925
38.2791
23.1454
21.2286
1
1
1
1
1
1
1
1
1
1
1
1
1
1
1
1
1
1
1
1
1
1
1
1
1
1
1
1
1
1
1
1
1
1
1
1
1
1
1
1
1
1
1
1
1
1
1
1
1
1
1
1
1
1
1
1
