5
7
3
1
4
6
0
2
13
15
11
9
12
14
8
10
16
30
20
23
17
26
25
24
22
31
21
28
19
29
18
27
37
39
35
33
36
38
32
34
40
54
44
47
41
50
49
48
46
55
45
52
43
53
42
51
15.7834
20.5202
36.1682
22.8768
37.2764
21.8875
21.4656
36.1066
22.3968
36.7245
19.3113
21.0473
33.9942
20.3456
21.6434
35.706
20.3484
36.286
22.027
23.8471
36.585
21.2302
21.135
35.5069
22.3035
37.9421
21.6948
21.2313
36.6668
21.0085
37.4194
22.2577
22.1108
38.9096
19.243
21.0141
44.8177
21.7185
20.457
20.0584
36.3792
22.3849
37.8374
21.1306
17.641
33.2278
19.4358
20.1433
34.6939
19.7353
35.9012
20.399
21.0951
37.0559
21.1942
23.2063
1
1
1
1
1
1
1
1
1
1
1
1
1
1
1
1
1
1
1
1
1
1
1
1
1
1
1
1
1
1
1
1
1
1
1
1
1
1
1
1
1
1
1
1
1
1
1
1
1
1
1
1
1
1
1
1
