4
6
0
5
7
3
1
2
12
14
8
13
15
11
9
10
24
30
16
29
25
21
31
26
22
28
19
23
27
17
20
18
36
38
32
37
39
35
33
34
48
54
40
53
49
45
55
50
46
52
43
47
51
41
44
42
16.6846
36.6715
21.304
38.2269
18.62
22.8772
36.9437
22.6311
22.0298
39.162
21.8228
37.6043
22.4805
22.7713
37.0725
23.7297
24.2378
36.6676
22.2743
37.2306
24.8541
21.9741
35.2841
20.4622
38.7006
22.5137
22.1029
38.2964
22.4323
22.4011
38.3217
22.7729
38.2427
21.5758
21.7686
39.3904
21.5739
22.6311
39.3832
20.9319
39.4943
19.755
35.2165
254.4674
522.7715
23.5867
20.139
36.8865
23.0198
37.208
23.1375
22.3087
35.7988
21.3858
21.4348
37.6726
1
1
1
1
1
1
1
1
1
1
1
1
1
1
1
1
1
1
1
1
1
1
1
1
1
1
1
1
1
1
1
1
1
1
1
1
1
1
1
1
1
1
1
2
2
2
2
2
2
2
2
2
2
2
2
2
