7
1
6
5
3
2
4
0
15
9
14
13
11
10
12
8
28
26
17
21
19
29
22
20
30
16
27
23
31
18
24
25
39
33
38
37
35
34
36
32
52
50
41
45
43
53
46
44
54
40
51
47
55
42
48
49
15.3599
35.9671
21.6529
22.2202
37.2622
23.8542
19.0629
36.3918
21.3033
37.9883
22.6611
22.1068
35.5978
23.3204
22.8069
37.4787
23.3248
37.3424
22.4019
20.9303
37.6691
23.2568
29.9413
19.3667
38.5327
22.3897
37.8828
22.4857
20.6984
33.9594
20.6151
20.937
36.184
20.7865
35.0332
20.2816
21.9808
36.0347
23.2983
23.4054
36.3255
20.3389
37.8314
22.0381
22.3762
37.5695
21.2452
38.106
23.0451
20.9817
38.6978
21.4135
100.0805
516.6105
21.9539
37.3376
2
2
2
2
2
2
2
2
2
2
2
2
2
2
2
2
2
2
2
2
2
2
2
2
2
2
2
2
2
2
2
2
2
2
2
2
2
2
2
2
2
2
2
2
2
2
2
2
2
2
2
2
1
1
1
1
