5
1
4
6
2
0
3
7
13
9
12
14
10
8
11
15
21
27
31
28
17
24
19
16
30
25
29
22
23
18
26
20
37
33
36
38
34
32
35
39
45
51
55
52
41
48
43
40
54
49
53
46
47
42
50
44
28.2646
22.3818
36.3041
22.4043
20.7344
35.403
22.5821
37.306
21.0737
21.1057
35.4907
20.6988
22.7318
37.2025
21.5442
27.0613
21.2823
36.5376
22.0831
37.4344
19.6693
20.8797
34.712
22.5019
23.0411
36.5716
21.3435
35.4642
21.9602
21.438
37.7749
22.5268
36.2058
20.766
21.4597
36.1362
21.9306
21.7639
35.5263
20.5009
37.2523
20.5538
22.0657
38.014
20.1469
21.5683
36.346
22.2293
36.3891
20.1445
22.5994
36.8402
21.2554
36.2623
21.0354
20.1931
1
1
1
1
1
1
1
1
1
1
1
1
1
1
1
1
1
1
1
1
1
1
1
1
1
1
1
1
1
1
1
1
1
1
1
1
1
1
1
1
1
1
1
1
1
1
1
1
1
1
1
1
1
1
1
1
