5
1
6
3
7
0
2
4
13
9
14
11
15
8
10
12
21
23
19
20
29
16
25
30
17
26
31
27
28
18
22
24
37
33
38
35
39
32
34
36
45
47
43
44
53
40
49
54
41
50
55
51
52
42
46
48
2002.298
524.0614
23.418
23.2975
39.815
22.5066
22.8152
37.8429
21.4636
38.6062
21.7963
21.6873
36.7288
21.8939
37.0721
21.7307
19.5002
38.0246
22.1163
23.2323
35.7653
22.6982
21.8429
38.3991
23.1545
38.3387
23.7744
21.6043
37.9875
23.7696
38.5453
22.936
21.3463
37.8303
23.256
37.7544
23.2446
22.9759
28.7411
36.4926
24.9019
23.0233
37.5841
21.5585
20.4701
36.3033
21.2049
37.3459
22.1965
20.1007
36.5115
22.8578
491.8378
514.1734
37.325
22.8104
2
2
2
2
2
2
2
2
2
2
2
2
2
2
2
2
2
2
2
2
2
2
2
2
2
2
2
2
2
2
2
2
2
2
2
2
2
2
2
2
2
2
2
2
2
2
2
2
2
2
2
2
1
1
1
1
