6
3
0
7
5
4
1
2
14
11
8
15
13
12
9
10
29
19
20
23
16
18
30
31
28
24
22
26
25
17
21
27
38
35
32
39
37
36
33
34
53
43
44
47
40
42
54
55
52
48
46
50
49
41
45
51
18.1076
22.2897
34.8258
22.7365
37.3925
23.5223
20.111
36.5352
22.6891
20.7604
36.1311
23.3394
38.2364
20.9003
23.0945
37.1318
22.377
21.8314
35.0917
22.3683
38.6401
22.1005
21.0476
37.7927
21.9895
38.4114
22.2368
22.4797
36.2958
22.0211
20.7826
37.3428
22.3024
37.1243
20.3737
21.0259
36.1422
21.5999
21.918
39.1308
19.0557
37.9223
21.0259
21.5008
37.1784
20.813
26.8144
25.5126
37.2227
18.1092
34.8294
19.7653
36.9979
23.1905
21.2242
37.9365
1
1
1
1
1
1
1
1
1
1
1
1
1
1
1
1
1
1
1
1
1
1
1
1
1
1
1
1
1
1
1
1
1
1
1
1
1
1
1
1
1
1
1
1
1
1
1
1
1
1
1
1
1
1
1
1
