7
2
5
4
0
3
1
6
15
10
13
12
8
11
9
14
18
31
30
24
28
29
19
16
23
26
20
21
25
22
17
27
39
34
37
36
32
35
33
38
42
55
54
48
52
53
43
40
47
50
44
45
49
46
41
51
17.244
23.8889
39.0138
21.4913
38.9905
23.7479
23.0435
40.1153
19.7965
23.591
39.1458
21.8863
38.6053
21.8302
24.3235
38.6294
22.5658
23.723
37.1756
22.7349
36.794
25.4474
21.6845
38.1372
22.6508
38.3438
23.5093
20.9607
37.5181
21.9164
19.9482
33.7571
21.2369
36.1006
21.5209
20.1572
39.9817
26.9095
22.4683
22.2905
37.7121
21.8796
33.8634
23.0589
23.9865
26.3798
54.6365
7.6483
24.8224
26.0049
38.2719
22.1048
37.4411
23.1596
22.9676
38.7511
1
1
1
1
1
1
1
1
1
1
1
1
1
1
1
1
1
1
1
1
1
1
1
1
1
1
1
1
1
1
1
1
1
1
1
1
1
1
1
1
1
1
1
1
1
1
1
1
1
1
1
1
1
1
1
1
