1
5
6
2
3
0
7
4
9
13
14
10
11
8
15
12
17
24
30
19
27
16
28
18
21
31
22
26
29
25
23
20
33
37
38
34
35
32
39
36
41
48
54
43
51
40
52
42
45
55
46
50
53
49
47
44
35.3729
24.6561
21.0093
40.2223
19.6949
39.2844
23.7759
23.5247
37.4601
23.3556
22.9787
38.5915
23.6436
37.7643
23.5997
21.1243
39.8557
23.4761
23.7036
40.2915
21.7153
37.9084
22.3225
24.2705
38.5939
24.9327
21.737
37.9709
24.5941
37.5233
23.5472
21.581
39.7348
22.9052
38.2719
23.7028
24.3879
36.9109
37.4403
23.5559
21.9701
23.6823
38.2747
23.881
40.6715
21.4656
23.6491
37.7255
24.9493
22.2178
37.6232
23.7767
39.497
22.7144
21.148
40.1038
1
1
1
1
1
1
1
1
1
1
1
1
1
1
1
1
1
1
1
1
1
1
1
1
1
1
1
1
1
1
1
1
1
1
1
1
1
1
1
1
1
1
1
1
1
1
1
1
1
1
1
1
1
1
1
1
