4
0
5
3
7
6
2
1
12
8
13
11
15
14
10
9
16
20
26
23
17
29
24
28
18
31
25
27
21
30
22
19
36
32
37
35
39
38
34
33
40
44
50
47
41
53
48
52
42
55
49
51
45
54
46
43
1101.117
242.2788
196.8827
515.5035
40.7213
23.4784
25.9334
40.0272
21.0559
23.2746
39.6507
25.6805
38.9336
23.0703
23.1857
40.3969
23.5322
23.7309
38.62
21.7026
40.9074
24.2757
20.5238
41.7279
22.294
39.1517
25.1977
23.5357
39.862
22.7863
25.1823
39.0103
25.3222
37.6679
24.218
22.586
41.6457
22.631
23.3153
39.1612
23.2027
40.6304
22.0641
23.7289
39.0972
26.3699
36.8355
23.19
26.0309
38.2565
23.5559
21.8547
37.9092
24.7845
38.4603
22.9325
1
1
1
1
1
1
1
1
1
1
1
1
1
1
1
1
1
1
1
1
1
1
1
1
1
1
1
1
1
1
1
1
1
1
1
1
1
1
1
1
1
1
1
1
1
1
1
1
1
1
1
1
1
1
1
1
