7
5
0
4
1
2
3
6
15
13
8
12
9
10
11
14
16
31
30
22
18
27
26
19
29
23
25
20
28
24
21
17
39
37
32
36
33
34
35
38
40
55
54
46
42
51
50
43
53
47
49
44
52
48
45
41
19.853
25.1175
36.118
22.5884
38.3719
27.4879
21.6821
38.027
21.2602
23.9509
39.6376
22.8321
22.6626
36.0386
22.4264
25.0271
37.8954
23.6519
37.5122
23.2766
24.1544
37.8923
23.789
39.5483
21.6043
22.4805
38.8677
23.6578
39.094
22.2237
22.9649
39.5345
22.3201
22.599
40.1508
21.9298
39.3319
24.7956
20.8584
38.7199
21.0358
22.7093
41.541
21.3811
38.0384
22.0436
22.1605
39.1316
24.0675
38.3323
22.4359
9.7769
38.5038
23.1154
24.7217
37.7536
1
1
1
1
1
1
1
1
1
1
1
1
1
1
1
1
1
1
1
1
1
1
1
1
1
1
1
1
1
1
1
1
1
1
1
1
1
1
1
1
1
1
1
1
1
1
1
1
1
1
1
1
1
1
1
1
