0
2
4
6
7
1
3
5
8
10
12
14
15
9
11
13
16
25
28
26
21
20
31
27
18
23
30
29
19
24
17
22
32
34
36
38
39
33
35
37
40
49
52
50
45
44
55
51
42
47
54
53
43
48
41
46
30.1759
22.0357
38.1261
22.7018
22.3999
36.4922
22.9601
21.2677
38.6824
22.2518
38.3434
23.4453
22.4785
39.5871
23.7589
39.3951
21.6244
23.7238
40.5534
22.5512
23.6957
39.8312
23.0901
39.3635
24.1382
20.2745
38.0017
22.5579
21.2689
38.3292
25.8725
44.4609
6.3916
36.86
24.5416
39.525
22.9178
23.2537
36.796
24.4412
39.4678
24.2508
22.8246
38.9151
23.1102
24.7426
38.3367
24.0141
40.2251
22.9281
22.2241
41.0219
22.3916
24.0367
40.3661
22.3648
1
1
1
1
1
1
1
1
1
1
1
1
1
1
1
1
1
1
1
1
1
1
1
1
1
1
1
1
1
1
1
1
1
1
1
1
1
1
1
1
1
1
1
1
1
1
1
1
1
1
1
1
1
1
1
1
