5
6
2
7
3
4
1
0
13
14
10
15
11
12
9
8
18
22
16
28
29
30
21
23
31
17
24
27
25
20
19
26
37
38
34
39
35
36
33
32
42
46
40
52
53
54
45
47
55
41
48
51
49
44
43
50
19.6752
37.3332
24.0319
39.4203
17.9219
24.3413
39.6534
23.5835
36.869
24.4215
23.689
39.6906
25.0468
38.3335
24.0983
21.5027
39.6621
22.1538
23.9339
41.7326
22.8858
37.7607
25.7939
18.8329
39.4156
25.0077
26.023
37.3423
22.2968
39.1746
24.2603
29.8808
32.1654
24.0572
35.847
23.5405
25.613
29.5011
33.5916
23.7542
39.0328
24.3661
39.5764
22.7148
23.2327
37.1807
24.1674
24.6996
37.9207
23.6286
37.5489
23.9987
23.0696
37.6327
20.5092
21.2693
1
1
1
1
1
1
1
1
1
1
1
1
1
1
1
1
1
1
1
1
1
1
1
1
1
1
1
1
1
1
1
1
1
1
1
1
1
1
1
1
1
1
1
1
1
1
1
1
1
1
1
1
1
1
1
1
