1
5
7
2
0
6
4
3
9
13
15
10
8
14
12
11
21
27
31
28
18
24
20
17
30
19
29
22
16
26
25
23
33
37
39
34
32
38
36
35
45
51
55
52
42
48
44
41
54
43
53
46
40
50
49
47
5903.416
383.7202
210.5755
197.8371
178.3883
179.3317
196.4307
194.075
195.5975
196.3561
195.9405
211.8587
195.7572
215.1037
243.3632
222.7829
199.4601
205.6278
217.3425
252.5622
212.3687
304.1916
287.8633
240.6954
242.5142
216.234
223.3008
241.0442
227.8989
180.7029
197.9738
198.2875
181.3817
180.6551
158.1394
181.7321
198.1556
159.6762
181.5049
201.1936
176.3205
222.6826
262.7836
254.7623
230.8338
224.4828
226.265
288.2789
210.2772
262.6193
223.4245
240.9755
224.6851
240.4074
216.0329
242.1298
1
1
1
1
1
1
1
1
1
1
1
1
1
1
1
1
1
1
1
1
1
1
1
1
1
1
1
1
1
1
2
2
2
2
2
2
2
2
2
2
2
2
2
2
2
2
2
2
2
2
2
2
2
2
2
2
