4
5
2
3
6
0
1
7
12
13
10
11
14
8
9
15
29
27
21
30
31
24
26
20
17
18
22
16
23
28
25
19
36
37
34
35
38
32
33
39
53
51
45
54
55
48
50
44
41
42
46
40
47
52
49
43
244.2086
231.1586
201.1189
257.7466
261.9185
249.6988
210.0189
209.435
257.2757
256.9296
240.8463
223.4217
213.2959
178.9362
241.751
204.5323
224.6132
224.8716
244.4105
252.1845
255.1787
241.5092
273.4878
300.1631
220.8451
225.6676
254.7971
241.4543
223.5513
224.874
230.3392
241.8687
218.195
224.1814
210.9085
220.9178
225.7395
213.5317
374.5137
230.3416
266.3526
224.7942
255.0918
241.9528
215.2653
326.9724
192.8748
225.1718
193.9434
225.3137
212.151
281.1654
261.856
249.7683
230.4439
239.8006
1
1
1
1
1
1
1
1
1
1
1
2
2
2
2
2
2
2
2
2
2
2
2
2
2
2
2
2
2
2
2
2
2
2
2
2
2
2
2
1
1
1
1
1
1
1
1
1
1
1
1
1
1
1
1
1
