0
3
4
7
1
6
5
2
8
11
12
15
9
14
13
10
20
19
26
16
18
25
24
23
29
21
22
30
27
31
17
28
32
35
36
39
33
38
37
34
44
43
50
40
42
49
48
47
53
45
46
54
51
55
41
52
226.7118
190.0288
209.9663
210.8434
242.3368
230.5439
242.8326
219.3992
198.2678
206.7177
224.6938
210.5036
198.6466
222.2243
210.6581
192.7219
242.2341
243.473
213.3927
221.4543
199.782
205.7558
224.0424
194.7039
214.9473
204.4149
242.952
225.8166
232.309
206.0082
242.071
213.1944
240.531
268.7487
213.8502
343.7827
226.4767
179.9255
214.8607
177.2157
223.1847
198.1631
206.4353
225.6862
194.9255
243.0938
275.4205
240.019
267.215
225.5574
194.4191
214.777
176.8116
207.2037
194.2982
260.4022
1
1
1
1
1
1
1
1
1
1
1
1
1
1
1
1
1
1
1
1
1
1
1
1
1
1
1
1
1
1
1
1
1
1
1
2
2
2
2
2
2
2
2
2
2
2
2
2
2
2
2
2
2
2
2
2
