0
3
1
7
5
6
2
4
8
11
9
15
13
14
10
12
26
16
25
29
19
17
18
20
31
23
28
21
30
22
24
27
32
35
33
39
37
38
34
36
50
40
49
53
43
41
42
44
55
47
52
45
54
46
48
51
244.1032
270.6224
241.8644
225.1303
302.5995
275.6733
250.5324
254.7943
226.4408
395.9837
260.6408
250.0939
230.6865
249.3859
194.1105
224.281
240.4038
208.503
259.6982
241.5368
301.8939
239.9483
218.0998
259.0155
265.7268
277.1204
242.6766
201.8134
224.0965
228.0992
239.1716
250.8042
273.9943
238.2938
271.7654
272.1395
286.8223
214.9875
218.2697
208.0949
231.1546
237.7269
219.1784
209.2639
228.183
219.8148
240.6089
240.7013
225.4887
212.5378
241.3152
217.7411
240.7799
240.4844
260.0577
239.5426
1
1
1
1
1
1
1
1
1
1
1
1
1
2
2
2
2
2
2
2
2
2
2
2
2
2
2
2
2
2
2
2
2
2
2
2
2
2
2
2
2
2
2
2
2
2
2
2
2
2
2
2
2
2
2
2
