1
5
6
2
3
0
4
7
9
13
14
10
11
8
12
15
21
19
27
17
20
18
31
28
25
16
30
29
23
22
26
24
33
37
38
34
35
32
36
39
45
43
51
41
44
42
55
52
49
40
54
53
47
46
50
48
202.0469
240.9537
256.7191
226.8876
216.8945
240.1292
206.2863
227.7247
209.7866
242.566
242.0516
242.0176
228.1186
243.2368
241.973
242.4174
224.7859
230.6857
244.39
241.7751
190.9169
231.9266
189.546
293.0896
206.764
216.1241
222.6411
240.5464
226.5044
242.4261
241.9576
279.3316
242.0532
206.3329
225.5922
258.069
258.1942
290.4166
241.5918
242.8963
211.5861
222.5858
225.7265
259.11
242.1859
261.839
253.152
194.7308
258.6517
209.3433
231.2949
222.3392
242.0263
262.6102
222.4001
211.3368
2
2
2
2
2
2
2
2
2
2
2
2
2
2
2
2
2
2
2
2
2
2
2
2
2
2
2
2
2
2
2
2
2
2
2
2
2
2
2
2
2
2
2
2
2
2
2
2
2
2
2
2
1
1
1
1
