4
1
5
7
3
2
0
6
12
9
13
15
11
10
8
14
26
27
25
24
28
18
22
19
29
23
17
21
16
31
20
30
36
33
37
39
35
34
32
38
50
51
49
48
52
42
46
43
53
47
41
45
40
55
44
54
215.3154
211.097
230.3562
242.0686
267.3454
225.203
229.5171
221.1177
226.7284
255.68
210.0588
230.0892
239.4999
219.8563
179.3985
224.9273
215.1325
240.4485
242.8907
218.7146
226.8011
242.6565
214.2721
219.2692
241.109
225.2536
241.5183
214.2709
190.2223
209.0411
262.7821
237.6404
221.4432
226.7631
213.8047
251.8337
229.6435
329.9899
256.3671
199.6517
218.6873
210.4139
229.0383
222.8591
223.0176
242.0654
242.6521
257.5787
260.1383
221.5317
238.9373
263.4252
249.3124
227.7239
245.0489
239.6366
2
2
2
2
2
2
2
2
2
2
2
2
2
2
2
2
2
2
2
2
2
2
2
2
2
2
2
2
2
2
2
2
2
2
2
2
2
1
1
1
1
1
1
1
1
1
1
1
1
1
1
1
1
1
1
1
