4
5
2
7
6
1
0
3
12
13
10
15
14
9
8
11
30
19
31
18
24
28
27
26
21
22
17
20
29
16
23
25
36
37
34
39
38
33
32
35
54
43
55
42
48
52
51
50
45
46
41
44
53
40
47
49
33.1832
23.3928
36.1197
20.9359
30.6837
23.4426
37.0631
23.3556
23.1368
36.9067
25.2673
36.3137
23.0909
23.2758
38.3313
22.0563
22.1863
36.8075
21.6652
36.4255
22.078
22.513
36.7111
21.4167
21.3637
37.5111
22.3719
39.0681
22.9989
23.7641
37.8868
22.289
38.4751
22.4671
23.5611
38.2649
21.5198
23.0846
37.523
22.5813
40.0261
22.6647
21.1184
38.2392
29.3349
23.3007
22.5031
36.8526
24.2244
36.8873
22.3917
23.0447
39.2502
20.7127
22.3917
37.4266
2
2
2
2
2
2
2
2
2
2
2
2
2
2
2
2
2
2
2
2
2
2
2
2
2
2
2
2
2
2
2
2
2
2
2
2
2
2
2
2
2
2
2
2
2
2
2
2
2
2
2
2
2
2
2
2
