7
4
1
0
6
3
5
2
15
12
9
8
14
11
13
10
16
31
27
19
26
29
22
18
24
30
23
28
25
21
17
20
39
36
33
32
38
35
37
34
40
55
51
43
50
53
46
42
48
54
47
52
49
45
41
44
33.6901
22.6856
21.6624
35.8321
21.933
22.1412
39.2348
23.3853
39.0029
20.9849
23.0143
37.1236
22.6445
24.2884
42.4664
23.2008
35.6725
22.4747
22.4932
39.5939
24.8091
38.7038
22.0286
23.7282
38.5813
22.0689
30.3731
23.601
38.9164
23.8542
40.9659
23.7847
24.4658
39.2004
22.4186
23.2498
30.1159
34.6754
23.4386
37.4195
22.4786
40.5507
20.6186
22.0642
38.4217
20.9031
38.3242
22.7962
21.0742
37.572
22.0239
23.249
41.3033
23.1127
38.1223
24.1833
2
2
2
2
2
2
2
2
2
2
2
2
2
2
2
2
2
2
2
2
2
2
2
2
2
2
2
2
2
2
2
2
2
2
2
2
2
2
2
2
2
2
2
2
2
2
2
2
2
2
2
2
2
2
2
2
