0
6
1
7
5
4
3
2
8
14
9
15
13
12
11
10
28
16
18
25
22
27
19
31
17
30
21
24
29
26
23
20
32
38
33
39
37
36
35
34
52
40
42
49
46
51
43
55
41
54
45
48
53
50
47
44
1242.475
517.8915
39.3857
25.5791
22.7868
39.5536
25.1073
39.4513
23.7902
23.9826
38.4818
25.0671
24.4093
37.7798
23.9688
39.5433
24.1916
24.4361
40.7412
24.5479
24.4191
39.0534
22.3459
40.9857
21.2061
24.0691
41.1544
23.3296
39.5248
21.9299
24.5819
37.3112
24.0577
24.4203
40.1659
21.8931
38.5845
24.1975
24.1363
40.5922
22.4782
23.6294
39.0037
25.0694
38.9215
25.1642
22.2194
39.1917
21.4025
36.1004
24.2836
39.5323
23.9877
22.6753
39.5662
24.5389
2
2
2
2
2
2
2
2
2
2
2
2
2
2
2
2
2
2
2
2
2
2
2
2
2
2
2
2
2
2
2
2
2
2
2
2
2
2
2
2
2
2
2
2
2
2
2
2
2
2
2
2
2
2
2
2
