5
1
7
4
6
0
3
2
13
9
15
12
14
8
11
10
24
22
27
16
21
19
17
20
26
31
28
23
25
18
29
30
37
33
39
36
38
32
35
34
48
46
51
40
45
43
41
44
50
55
52
47
49
42
53
54
32.9711
24.0786
22.494
39.3438
20.8265
22.2013
38.9488
23.3809
39.2616
23.1226
23.0408
36.6803
25.3519
37.8754
23.1992
21.1117
37.5226
23.2419
22.7176
40.0012
23.0171
21.5004
38.3048
24.3224
38.0745
23.2091
21.4882
38.7635
23.6188
38.7149
24.7854
20.6096
36.1418
21.0078
22.8693
38.5272
21.9235
36.9616
21.9271
23.2
38.8938
23.0309
39.1514
21.9887
22.6441
38.6615
24.2722
22.2424
36.8087
23.1956
39.5058
22.091
23.3916
38.3965
22.9013
23.3608
2
2
2
2
2
2
2
2
2
2
2
2
2
2
2
2
2
2
2
2
2
2
2
2
2
2
2
2
2
2
2
2
2
2
2
2
2
2
2
2
2
2
2
2
2
2
2
2
2
2
2
2
2
2
2
2
