3
2
5
7
0
4
1
6
11
10
13
15
8
12
9
14
29
31
30
20
25
21
22
28
17
16
18
27
23
19
26
24
35
34
37
39
32
36
33
38
53
55
54
44
49
45
46
52
41
40
42
51
47
43
50
48
17.0271
39.9009
24.7174
23.232
34.8622
21.9548
35.9609
22.7469
23.5828
38.21
23.5062
38.5312
24.7316
23.537
27.8392
38.511
21.4973
22.3656
39.4841
23.2826
39.5903
23.699
20.3982
38.5162
24.5017
23.3908
39.4556
23.2186
37.0386
24.0284
18.1396
36.7008
22.1985
20.9975
36.3919
25.2033
37.7138
22.4988
21.5917
38.6738
23.5852
23.7448
37.4179
24.4662
35.6433
27.7373
19.1316
39.4884
23.0617
36.6598
21.8793
24.4602
38.765
22.4284
31.4596
21.7841
2
2
2
2
2
2
2
2
2
2
2
2
2
2
2
2
2
2
2
2
2
2
2
2
2
2
2
2
2
2
2
2
2
2
2
2
2
2
2
2
2
2
2
2
2
2
2
2
2
2
2
2
2
2
2
2
