2
7
0
4
6
3
5
1
10
15
8
12
14
11
13
9
29
28
23
19
26
21
18
22
25
24
27
30
17
16
31
20
34
39
32
36
38
35
37
33
53
52
47
43
50
45
42
46
49
48
51
54
41
40
55
44
16.8118
39.14
21.1856
22.9037
38.3984
22.3668
22.6698
37.3057
23.0206
38.6335
22.4604
22.4889
30.0907
36.7585
22.1973
23.2869
38.0705
22.1993
23.0076
33.8896
23.5054
39.4382
23.5638
20.9114
35.8854
23.3323
23.1079
39.7333
22.684
37.5751
22.3656
23.2932
39.2751
22.5651
38.4609
21.9713
21.807
39.7136
22.4434
23.8238
36.627
22.6572
38.9006
22.6651
19.9731
37.476
20.2094
22.7279
40.3054
21.5601
37.2824
20.5622
22.3332
38.526
21.0003
22.4462
2
2
2
2
2
2
2
2
2
2
2
2
2
2
2
2
2
2
2
2
2
2
2
2
2
2
2
2
2
2
2
2
2
2
2
2
2
2
2
2
2
2
2
2
2
2
2
2
2
2
2
2
2
2
2
2
