6
1
7
4
3
0
2
5
14
9
15
12
11
8
10
13
27
25
21
16
24
17
20
19
31
28
30
23
26
18
22
29
38
33
39
36
35
32
34
37
51
49
45
40
48
41
44
43
55
52
54
47
50
42
46
53
16.6866
37.6055
23.9226
22.6556
37.8276
21.792
36.3236
22.6595
22.9084
39.3644
22.5426
19.8538
37.2978
22.4857
28.1458
24.7897
38.4296
21.7367
38.6446
20.4259
20.7083
36.1276
21.0761
21.1816
36.8332
21.9575
38.6584
20.3002
20.1015
38.4782
21.8493
23.055
38.8765
20.6783
38.5296
23.3971
21.005
37.8307
21.4317
37.8845
23.2865
22.7492
36.8913
23.4129
19.806
29.7438
38.6007
22.6177
38.0729
20.514
22.5703
38.176
23.2012
22.5142
37.3764
19.6318
2
2
2
2
2
2
2
2
2
2
2
2
2
2
2
2
2
2
2
2
2
2
2
2
2
2
2
2
2
2
2
2
2
2
2
2
2
2
2
2
2
2
2
2
2
2
2
2
2
2
2
2
2
2
2
2
