7
5
4
2
0
6
3
1
15
13
12
10
8
14
11
9
19
20
24
29
25
31
16
22
28
21
26
18
27
17
23
30
39
37
36
34
32
38
35
33
43
44
48
53
49
55
40
46
52
45
50
42
51
41
47
54
16.8217
21.0469
39.0384
40.2845
23.2348
23.3315
22.7354
37.79
22.8026
24.6321
37.6024
22.8389
37.374
23.1324
22.2712
37.3831
23.3509
23.5125
37.2891
23.0218
23.3754
36.9655
23.0589
37.7742
22.9329
25.427
37.1591
22.8594
39.3316
22.6753
23.8305
38.867
22.7792
38.8468
22.7081
22.5098
36.9379
23.2087
23.3647
39.0787
22.9219
37.1887
22.957
23.3027
32.8604
21.0066
21.4171
38.1274
21.5253
37.0706
21.3278
22.6544
38.8144
22.9827
22.59
38.2218
2
2
2
2
2
2
2
2
2
2
2
2
2
2
2
2
2
2
2
2
2
2
2
2
2
2
2
2
2
2
2
2
2
2
2
2
2
2
2
2
2
2
2
2
2
2
2
2
2
2
2
2
2
2
2
2
