7
6
5
4
2
1
0
3
15
14
13
12
10
9
8
11
22
28
19
27
17
18
31
21
25
16
30
24
23
20
26
29
39
38
37
36
34
33
32
35
46
52
43
51
41
42
55
45
49
40
54
48
47
44
50
53
19.3916
38.2779
21.5739
23.5887
39.5244
23.6828
38.9693
23.441
19.8558
38.942
25.3076
22.5489
37.5246
21.9911
39.7266
30.7642
21.8505
24.0577
38.9851
20.2196
23.6993
39.3106
23.5326
38.1156
22.0255
23.0503
39.4805
23.407
22.4936
38.6501
20.8964
39.8649
23.6697
23.5291
38.1902
22.4604
36.1035
24.1426
23.612
38.4644
23.0815
22.7595
38.515
23.7657
37.3278
23.5706
21.0864
39.5149
25.391
20.9082
37.9224
23.475
37.0343
23.2423
24.2821
36.6629
2
2
2
2
2
2
2
2
2
2
2
2
2
2
2
2
2
2
2
2
2
2
2
2
2
2
2
2
2
2
2
2
2
2
2
2
2
2
2
2
2
2
2
2
2
2
2
2
2
2
2
2
2
2
2
2
