3
4
6
2
1
5
7
0
11
12
14
10
9
13
15
8
29
26
28
24
30
25
16
21
31
23
17
20
27
22
18
19
35
36
38
34
33
37
39
32
53
50
52
48
54
49
40
45
55
47
41
44
51
46
42
43
176.0879
181.5793
179.2713
523.8194
23.6026
39.4043
23.0728
24.1892
38.9808
22.7409
22.5576
38.7062
25.2677
38.4111
22.9282
21.0106
38.1333
22.8531
21.8587
39.6101
20.2828
39.2944
25.4854
22.4197
38.5628
21.8133
38.8002
22.4233
23.9123
38.0255
23.6361
21.7003
38.8504
23.0052
39.746
23.5516
23.4169
36.5503
21.916
24.45
38.9626
33.393
23.2229
23.0451
37.5471
22.5015
36.3512
21.9508
20.3409
37.9729
22.7271
23.1218
38.6299
22.7283
38.6888
23.4564
1
1
2
2
2
2
2
2
2
2
2
2
2
2
2
2
2
2
2
2
2
2
2
2
2
2
2
2
2
2
2
2
2
2
2
2
2
2
2
2
2
2
2
2
2
2
2
2
2
2
2
2
2
2
2
2
