0
2
5
7
6
1
3
4
8
10
13
15
14
9
11
12
19
23
25
26
20
29
18
27
17
28
16
31
30
21
22
24
32
34
37
39
38
33
35
36
43
47
49
50
44
53
42
51
41
52
40
55
54
45
46
48
173.43
194.211
209.7729
192.4542
193.2542
163.457
164.3799
166.7961
162.045
149.405
166.7329
161.4272
164.3969
179.3606
164.5501
165.4351
258.5639
202.6756
164.5094
163.7778
196.6545
164.7046
180.4791
185.8199
178.2975
178.1707
196.5688
180.8848
196.2191
209.626
179.6162
211.6048
197.1527
210.9704
364.4529
288.5831
241.6055
163.8821
226.1427
168.0302
196.2393
211.5811
229.334
209.8369
227.1434
211.3303
210.2265
198.3102
207.9564
210.3264
211.2757
192.3811
163.5546
162.7115
164.0709
196.5044
1
1
1
1
1
1
1
1
1
1
1
1
1
1
1
1
2
2
2
2
2
2
2
2
2
2
2
2
2
2
2
2
2
2
2
2
2
1
1
1
1
1
1
1
1
1
1
1
1
1
1
1
1
1
1
1
