7
4
6
5
0
1
2
3
15
12
14
13
8
9
10
11
20
16
24
25
27
23
30
29
28
17
26
21
18
19
31
22
39
36
38
37
32
33
34
35
44
40
48
49
51
47
54
53
52
41
50
45
42
43
55
46
1190.058
181.1846
211.7403
189.4193
196.0244
165.5651
150.1608
163.5814
162.068
167.1583
165.3019
210.3173
226.6476
180.4818
166.2916
212.5601
194.1431
211.9596
178.8308
148.5387
149.8277
118.2702
163.1018
266.8357
164.5632
166.4978
163.7569
196.8354
181.3296
164.4585
180.7939
164.6552
162.6436
178.8036
179.0821
196.4601
181.1088
180.6758
213.0223
179.8841
195.3231
180.3218
196.1587
196.7959
179.0789
165.6129
207.5993
226.038
180.9263
196.8967
180.9081
189.1929
180.8808
211.3141
179.5649
179.6838
1
1
1
1
1
1
1
1
1
1
1
1
1
1
1
1
1
2
2
2
2
2
2
2
2
2
2
2
2
2
2
2
2
2
2
2
2
2
2
2
2
2
2
2
2
2
1
1
1
1
1
1
1
1
1
1
