7
3
0
6
5
4
2
1
15
11
8
14
13
12
10
9
16
29
31
26
18
30
23
24
21
19
28
17
20
22
27
25
39
35
32
38
37
36
34
33
40
53
55
50
42
54
47
48
45
43
52
41
44
46
51
49
33.6351
21.8354
24.4937
38.4694
23.5472
38.902
23.7506
24.828
34.5485
21.3167
22.3849
39.2181
22.7586
36.6292
14.0562
38.1155
23.6013
38.1443
23.2853
23.3888
39.365
22.5129
23.4745
37.6754
23.9138
37.9128
23.1379
24.1342
38.6796
21.6347
38.652
22.5761
22.8669
38.8827
24.0564
22.9344
38.3549
22.7748
23.4322
37.7943
23.275
39.3299
18.6374
22.4809
37.946
23.3204
38.9482
23.6783
22.5414
39.0036
22.8151
22.6622
37.6023
24.0311
38.7108
23.0186
2
2
2
2
2
2
2
2
2
2
2
2
2
2
2
2
2
2
2
2
2
2
2
2
2
2
2
2
2
2
2
2
2
2
2
2
2
2
2
2
2
2
2
2
2
2
2
2
2
2
2
2
2
2
2
2
