6
7
4
0
5
1
2
3
14
15
12
8
13
9
10
11
25
21
27
24
22
16
30
26
23
31
19
17
28
18
29
20
38
39
36
32
37
33
34
35
49
45
51
48
46
40
54
50
47
55
43
41
52
42
53
44
17.1989
22.8693
39.3232
24.5127
23.7186
38.3221
23.9193
39.5049
22.5315
22.9901
39.8344
23.3587
38.917
23.4729
23.7277
40.1982
23.6772
22.8811
306.3056
523.2973
23.8763
23.305
39.7475
23.213
39.4567
24.2377
22.6686
39.4741
24.6206
38.3825
22.8768
23.2426
38.3683
22.9321
23.7708
38.7713
23.9841
39.4271
24.3938
22.2146
39.5219
22.8064
24.1852
39.7854
23.8059
39.5385
23.4318
23.2126
39.9395
23.0383
23.5231
39.7139
20.5822
36.1682
22.1412
18.605
1
1
1
1
1
1
1
1
1
1
1
1
1
1
1
1
1
1
2
2
2
2
2
2
2
2
2
2
2
2
2
2
2
2
2
2
2
2
2
2
2
2
2
2
2
2
2
2
2
2
2
2
2
2
2
2
