3
2
1
5
7
0
6
4
11
10
9
13
15
8
14
12
19
16
27
17
23
25
26
24
20
30
29
18
28
21
31
22
35
34
33
37
39
32
38
36
43
40
51
41
47
49
50
48
44
54
53
42
52
45
55
46
17.2428
37.9053
24.1473
23.1019
39.8115
23.4247
21.6513
39.1434
22.0511
39.8707
23.0269
24.4673
38.1644
23.1944
23.6538
37.6331
23.5689
39.0849
23.0917
23.2623
37.4561
23.3844
40.0489
23.3805
23.4682
38.7977
23.4093
22.07
38.3916
23.8462
38.8349
24.2271
22.605
37.8121
24.0303
22.3178
40.0177
22.6757
39.2501
23.5219
22.5358
38.2553
23.5768
23.2426
39.638
23.2264
39.002
22.6543
23.2813
39.5776
23.036
23.2679
39.2872
22.7792
2226.305
508.2131
2
2
2
2
2
2
2
2
2
2
2
2
2
2
2
2
2
2
2
2
2
2
2
2
2
2
2
2
2
2
2
2
2
2
2
2
2
2
2
2
2
2
2
2
2
2
2
2
2
2
2
2
2
2
2
2
