4
1
5
7
0
3
2
6
12
9
13
15
8
11
10
14
28
20
27
23
19
17
30
16
25
31
26
22
18
24
21
29
36
33
37
39
32
35
34
38
52
44
51
47
43
41
54
40
49
55
50
46
42
48
45
53
1025.765
509.6025
40.5261
24.6703
24.5799
38.9885
24.7241
40.2934
23.1758
26.1356
38.9858
22.2968
22.9542
39.1572
24.7407
40.3053
24.9947
24.267
40.0671
24.5818
23.2248
40.7288
22.172
40.2302
25.0796
23.911
38.9925
24.7841
39.7787
25.3107
23.8273
40.6431
24.0939
24.1216
39.051
24.5554
40.1804
24.5143
24.8213
39.4049
23.275
24.2073
35.9802
21.8492
38.3233
22.9096
21.7809
37.2471
21.9191
22.9017
38.8183
24.9342
38.1712
24.2856
24.2539
40.0544
1
1
1
1
1
1
1
1
1
1
1
1
1
1
1
1
1
1
1
1
1
1
1
1
1
1
1
1
1
1
1
1
1
1
1
1
1
1
1
1
1
1
1
1
1
1
1
1
1
1
1
1
1
1
1
1
