5
0
6
2
7
4
3
1
13
8
14
10
15
12
11
9
26
21
28
31
17
24
19
16
29
22
30
27
25
20
18
23
37
32
38
34
39
36
35
33
50
45
52
55
41
48
43
40
53
46
54
51
49
44
42
47
20.3507
39.4437
23.9351
23.5104
37.3885
24.3488
24.6443
48.8449
23.5065
23.9545
23.4239
39.975
24.5633
24.5139
39.452
23.1142
40.2776
24.4902
23.3512
39.9489
22.9688
38.5046
24.2389
24.4092
40.0414
24.4049
24.4234
39.433
23.3335
39.3895
24.0414
24.4124
39.5246
24.3164
24.0473
38.8637
23.9987
40.1247
23.4235
24.4752
36.1078
22.8305
38.6689
24.6387
25.0204
39.0431
24.1046
39.1351
23.3414
24.154
39.7846
24.2879
24.3689
39.1624
24.1259
39.2647
1
1
1
1
1
1
1
1
1
1
1
1
1
1
1
1
1
1
1
1
1
1
1
1
1
1
1
1
1
1
1
1
1
1
1
1
1
1
1
1
1
1
1
1
1
1
1
1
1
1
1
1
1
1
1
1
