3
0
1
6
5
2
4
7
11
8
9
14
13
10
12
15
26
23
21
25
17
20
31
30
29
18
28
27
19
22
16
24
35
32
33
38
37
34
36
39
50
47
45
49
41
44
55
54
53
42
52
51
43
46
40
48
30.6223
19.8427
21.1796
37.2961
21.3574
39.0644
24.0967
24.107
38.2502
24.0813
23.1051
37.276
23.29
39.286
23.5689
22.8313
39.1877
23.4615
38.3734
24.3989
23.2343
38.9506
23.4804
31.4982
2272.855
524.4572
24.1342
22.46
39.034
22.8795
39.3848
23.9019
23.414
40.9872
22.4236
22.9803
38.9293
21.8283
40.4684
22.8211
23.9584
38.07
23.8332
24.2891
37.2368
24.267
39.273
913.205
523.3423
22.4702
23.7329
39.6044
22.838
38.5469
23.6373
30.3213
2
2
2
2
2
2
2
2
2
2
2
2
2
2
2
2
2
2
2
2
2
2
2
2
2
2
2
2
2
2
2
2
2
2
2
2
2
2
2
2
2
2
2
2
2
2
2
2
2
2
2
2
2
2
2
2
