3
1
2
4
7
6
0
5
11
9
10
12
15
14
8
13
18
25
20
28
19
22
27
23
24
21
31
30
29
16
17
26
35
33
34
36
39
38
32
37
42
49
44
52
43
46
51
47
48
45
55
54
53
40
41
50
940.5088
321.1726
255.3013
285.1778
258.5779
290.5601
274.764
242.623
271.9697
306.5957
704.3352
305.2189
293.1545
258.6147
274.1157
259.3048
290.3551
256.7385
303.5138
289.5744
273.6325
288.3256
290.4068
337.3528
335.0428
322.4811
305.8036
377.0256
382.2954
461.9148
430.8128
414.8974
196.8259
523.5389
24.4092
39.0372
24.5925
22.7527
39.4713
25.4111
39.7751
24.5811
23.4777
39.5183
22.6239
24.7818
39.9711
24.1105
39.3473
22.9159
164.624
515.6507
40.3752
21.85
41.3103
22.8606
1
1
1
1
1
1
1
1
1
1
1
1
1
1
1
1
1
1
1
1
1
1
1
1
1
1
1
1
1
1
1
1
1
1
1
1
1
1
1
1
1
1
1
1
1
1
1
1
1
1
2
2
2
2
2
2
