7
6
5
0
2
4
1
3
15
14
13
8
10
12
9
11
24
20
18
23
19
27
22
21
25
17
31
26
30
28
29
16
39
38
37
32
34
36
33
35
48
44
42
47
43
51
46
45
49
41
55
50
54
52
53
40
16.8861
35.2078
22.4422
38.633
22.1826
19.514
36.6431
20.6099
24.1422
35.6187
21.6189
37.1345
22.9368
22.0574
40.299
20.9271
38.5161
23.3133
20.1283
37.773
22.6374
22.829
37.9835
22.6405
36.7936
24.2619
22.3201
37.9156
22.654
20.8955
31.6416
38.9293
23.2118
23.1865
37.5659
21.6379
21.1677
38.428
22.2636
38.2561
20.711
20.6565
37.0302
23.7506
36.2334
23.3785
22.174
39.0865
22.6773
192.3542
508.1208
38.1001
23.5061
37.4415
21.6924
22.5643
1
1
1
1
1
1
1
1
1
1
1
1
1
1
1
1
1
1
1
1
1
1
1
1
1
1
1
1
1
1
1
1
1
1
1
1
1
1
1
1
1
1
1
1
1
1
1
1
1
2
2
2
2
2
2
2
