7
4
3
0
1
2
6
5
15
12
11
8
9
10
14
13
17
18
27
21
19
28
31
22
20
26
25
30
16
24
23
29
39
36
35
32
33
34
38
37
41
42
51
45
43
52
55
46
44
50
49
54
40
48
47
53
17.6971
40.7438
23.9047
40.1421
23.2177
22.8697
38.7922
19.2359
23.7344
41.3044
22.5469
38.8187
22.9597
22.8195
39.3473
31.4638
19.9359
24.4673
37.3246
24.2366
24.5234
38.3652
22.3209
39.467
22.8234
20.2532
37.991
23.6171
38.8499
22.4675
21.8903
38.5686
22.9258
23.7277
37.6489
21.3625
24.8031
30.3332
22.633
37.048
22.3355
37.8938
23.3062
21.4743
36.9651
25.2839
23.4184
36.3804
24.8193
36.5645
23.3686
21.6371
39.2153
24.4029
38.3979
23.7965
2
2
2
2
2
2
2
2
2
2
2
2
2
2
2
2
2
2
2
2
2
2
2
2
2
2
2
2
2
2
2
2
2
2
2
2
2
2
2
2
2
2
2
2
2
2
2
2
2
2
2
2
2
2
2
2
