4
7
0
5
2
6
3
1
12
15
8
13
10
14
11
9
21
17
30
31
29
24
23
27
26
18
20
19
22
16
25
28
36
39
32
37
34
38
35
33
45
41
54
55
53
48
47
51
50
42
44
43
46
40
49
52
19.5709
38.8531
24.6897
22.8622
38.5789
22.012
39.4587
21.7354
24.5688
38.0373
24.0331
23.2011
38.6745
24.3958
38.9099
22.6753
24.0789
41.2116
23.0707
38.3956
23.4852
23.0557
39.6132
24.2536
24.6518
38.1024
22.3363
40.9836
23.39
22.3411
38.0499
24.0604
30.5576
23.0636
39.0368
25.6943
23.834
37.7319
23.3094
41.069
23.2019
24.9015
39.3512
23.7554
24.6869
38.4742
23.6819
40.2883
21.8468
23.7372
39.3832
22.6006
40.2543
23.2857
24.4977
39.6171
2
2
2
2
2
2
2
2
2
2
2
2
2
2
2
2
2
2
2
2
2
2
2
2
2
2
2
2
2
2
2
2
2
2
2
2
2
2
2
2
2
2
2
2
2
2
2
2
2
2
2
2
2
2
2
2
