3
0
7
4
5
6
1
2
11
8
15
12
13
14
9
10
31
16
23
22
27
26
21
17
20
28
18
19
24
29
25
30
35
32
39
36
37
38
33
34
55
40
47
46
51
50
45
41
44
52
42
43
48
53
49
54
20.1062
22.7543
38.4714
21.4901
39.6602
22.33
28.1358
22.4967
39.7502
23.2315
22.4473
38.9593
21.0856
38.5331
23.2027
24.8944
37.5047
22.2387
37.4289
24.1647
23.2742
86.7424
530.5421
22.2897
22.2964
37.0374
21.2452
21.658
37.6165
21.754
39.7376
21.0109
22.8175
39.2193
23.1178
28.7908
31.6459
22.989
39.4583
23.0715
21.6955
37.3704
23.4192
39.482
22.9823
23.0913
36.9848
22.4193
22.6457
36.5167
24.0639
38.1609
23.4291
22.4078
37.3131
24.4831
2
2
2
2
2
2
2
2
2
2
2
2
2
2
2
2
2
2
2
2
2
1
1
1
1
1
1
1
1
1
1
1
1
1
1
1
1
1
1
1
1
1
1
1
1
1
1
1
1
1
1
1
1
1
1
1
