2
6
4
0
1
3
5
7
10
14
12
8
9
11
13
15
22
24
31
23
18
17
21
27
19
20
28
16
29
25
26
30
34
38
36
32
33
35
37
39
46
48
55
47
42
41
45
51
43
44
52
40
53
49
50
54
18.9262
22.844
40.2516
22.3312
38.8961
22.9637
25.2776
37.8816
22.6532
38.9254
24.3227
23.0131
39.0399
25.116
22.3284
37.389
24.6956
40.4195
22.4817
22.7816
37.4312
24.7833
23.2714
39.3287
23.7969
37.3917
22.8855
22.8246
40.1805
23.6827
20.924
38.5793
23.2126
39.4235
23.7945
22.4805
38.9313
24.154
39.4931
22.5441
23.6744
36.8134
24.4088
23.0956
37.3629
22.3664
39.5254
23.2003
20.6929
38.1084
23.4287
22.5058
39.3267
22.8934
39.2849
23.0202
2
2
2
2
2
2
2
2
2
2
2
2
2
2
2
2
2
2
2
2
2
2
2
2
2
2
2
2
2
2
2
2
2
2
2
2
2
2
2
2
2
2
2
2
2
2
2
2
2
2
2
2
2
2
2
2
