2
5
6
1
3
0
4
7
10
13
14
9
11
8
12
15
24
21
28
20
27
29
16
25
23
17
31
22
19
18
26
30
34
37
38
33
35
32
36
39
48
45
52
44
51
53
40
49
47
41
55
46
43
42
50
54
36.8533
23.8747
38.9254
21.8718
24.0612
40.0458
19.6314
24.4535
38.3873
23.8178
40.6913
22.8823
23.5887
40.2793
24.6171
22.9716
39.102
24.3555
39.9316
24.6886
24.4962
38.6935
24.4792
23.8585
38.0353
24.8304
39.2833
24.3065
23.6819
39.042
24.4519
40.1331
24.1943
24.4958
40.1533
23.8933
23.4445
40.7372
22.5213
39.9198
24.4104
23.4805
40.322
23.2667
22.7212
40.5005
24.4515
40.6499
22.5841
23.4382
38.5967
24.6206
23.4651
42.142
22.3632
39.964
2
2
2
2
2
2
2
2
2
2
2
2
2
2
2
2
2
2
2
2
2
2
2
2
2
2
2
2
2
2
2
2
2
2
2
2
2
2
2
2
2
2
2
2
2
2
2
2
2
2
2
2
2
2
2
2
