4
6
7
1
5
2
3
0
12
14
15
9
13
10
11
8
28
26
16
19
21
29
18
25
27
24
31
20
30
22
23
17
36
38
39
33
37
34
35
32
52
50
40
43
45
53
42
49
51
48
55
44
54
46
47
41
1830.961
206.2338
259.6936
181.0087
151.2822
524.1805
40.3887
25.5154
22.6042
41.2721
24.813
23.6286
40.1722
26.449
39.8356
22.8484
25.0295
41.148
24.6329
24.2658
39.6128
24.9137
38.2206
24.749
24.9805
40.0841
26.0405
22.5963
41.3049
24.6491
39.1601
25.8836
24.3069
38.957
25.4285
41.1105
24.6392
24.8442
40.0438
24.8936
23.6282
41.4783
22.7464
40.9086
24.7699
25.0777
39.3979
24.5365
25.5771
39.8479
24.7103
40.9351
23.5172
24.2639
39.5634
24.3488
2
2
2
2
2
2
2
2
2
2
2
2
2
2
2
2
2
2
2
2
2
2
2
2
2
2
2
2
2
2
2
2
2
2
2
2
2
2
2
2
2
2
2
2
2
2
2
2
2
2
2
2
2
2
2
2
