4
7
0
3
2
1
6
5
12
15
8
11
10
9
14
13
31
23
17
22
28
26
19
16
21
29
25
27
18
30
24
20
36
39
32
35
34
33
38
37
55
47
41
46
52
50
43
40
45
53
49
51
42
54
48
44
20.369
38.0124
24.3006
38.4095
23.2889
23.8163
36.9904
23.8084
23.5512
38.0705
22.4355
38.7966
23.3592
23.9573
39.2138
23.5535
38.4142
22.991
21.393
37.6134
24.1655
23.0222
39.3667
23.9225
38.1195
23.5449
23.9079
38.4146
23.5401
24.1497
38.0768
23.3509
40.2026
21.9263
23.5638
39.2964
22.4849
38.1807
23.8909
22.7271
38.9199
23.7499
23.4204
38.8187
23.2727
38.2115
23.3382
23.5887
38.3289
23.6409
22.4268
38.4881
23.6014
38.2396
23.674
21.7201
2
2
2
2
2
2
2
2
2
2
2
2
2
2
2
2
2
2
2
2
2
2
2
2
2
2
2
2
2
2
2
2
2
2
2
2
2
2
2
2
2
2
2
2
2
2
2
2
2
2
2
2
2
2
2
2
