3
0
7
1
6
2
5
4
11
8
15
9
14
10
13
12
28
16
27
31
17
25
22
29
30
24
18
19
21
20
23
26
35
32
39
33
38
34
37
36
52
40
51
55
41
49
46
53
54
48
42
43
45
44
47
50
17.9401
39.6203
23.8645
23.0028
39.2667
24.4519
37.248
25.6351
21.5344
39.5682
23.7858
22.7855
38.3897
23.597
39.1865
23.2833
24.2244
39.4651
22.8721
22.703
39.1909
23.7728
39.5654
23.565
23.962
37.8896
23.7689
22.4964
37.8939
20.8786
38.5568
23.1648
23.0988
37.8066
25.0038
37.0955
23.3916
23.9782
38.9989
23.776
22.5501
36.9063
23.8178
39.7088
24.1355
22.6907
38.5244
23.616
22.6595
39.8459
22.9993
39.5761
23.2916
22.6469
37.4344
23.5717
2
2
2
2
2
2
2
2
2
2
2
2
2
2
2
2
2
2
2
2
2
2
2
2
2
2
2
2
2
2
2
2
2
2
2
2
2
2
2
2
2
2
2
2
2
2
2
2
2
2
2
2
2
2
2
2
