5
1
2
3
6
7
0
4
13
9
10
11
14
15
8
12
23
29
24
27
17
22
20
31
21
19
25
30
16
18
28
26
37
33
34
35
38
39
32
36
47
53
48
51
41
46
44
55
45
43
49
54
40
42
52
50
36.9888
24.2279
24.401
39.9822
24.1521
24.4334
36.5618
25.2179
39.4848
24.5531
23.7396
39.6464
25.6146
22.8377
40.8798
24.0047
40.207
25.3068
23.2727
39.503
25.6177
23.2746
40.9782
23.9656
39.5018
24.2508
26.3731
39.2897
24.2603
25.3211
39.4856
24.1252
40.0182
23.9387
25.4289
40
24.6293
39.9067
23.6389
24.6664
39.9474
24.4341
24.604
40.5163
24.2892
38.8338
24.8841
24.4902
40.7044
24.0648
24.6151
39.1613
22.6611
39.6468
24.4089
24.4073
2
2
2
2
2
2
2
2
2
2
2
2
2
2
2
2
2
2
2
2
2
2
2
2
2
2
2
2
2
2
2
2
2
2
2
2
2
2
2
2
2
2
2
2
2
2
2
2
2
2
2
2
2
2
2
2
