2
6
4
3
7
1
5
0
10
14
12
11
15
9
13
8
19
20
27
21
26
25
18
24
29
22
16
30
17
23
28
31
34
38
36
35
39
33
37
32
43
44
51
45
50
49
42
48
53
46
40
54
41
47
52
55
19.7187
24.5977
35.87
24.122
39.8866
24.9588
23.3722
38.5169
24.6984
21.4036
40.1513
23.8901
39.1676
23.6341
23.183
38.8638
24.7028
24.3571
38.7709
24.0308
39.0214
23.9518
24.8189
38.0211
23.9427
23.6887
41.2618
22.3399
39.9696
24.2686
22.7405
39.4619
23.9885
38.8037
23.7222
23.8024
38.3486
24.5238
23.7945
39.4441
23.1869
38.9993
23.776
23.0933
39.5757
23.6448
24.5254
37.9389
24.16
38.991
23.1601
24.3927
39.2359
23.9336
22.7259
38.7935
2
2
2
2
2
2
2
2
2
2
2
2
2
2
2
2
2
2
2
2
2
2
2
2
2
2
2
2
2
2
2
2
2
2
2
2
2
2
2
2
2
2
2
2
2
2
2
2
2
2
2
2
2
2
2
2
