3
4
2
6
1
7
0
5
11
12
10
14
9
15
8
13
30
29
25
19
23
21
28
22
18
27
20
24
31
16
26
17
35
36
34
38
33
39
32
37
54
53
49
43
47
45
52
46
42
51
44
48
55
40
50
41
188.261
256.6668
290.434
227.4591
257.2361
273.6051
242.8859
338.4151
225.163
273.7232
289.647
289.2223
257.4913
242.8084
258.7409
197.5272
257.0939
250.3743
257.4569
213.671
242.4552
208.7679
228.0327
210.825
242.2008
242.9123
1335.627
228.5135
210.6689
273.6229
308.9454
289.7035
235.6076
281.4317
258.3537
240.5665
258.2305
242.044
228.4851
226.3067
242.0353
240.2887
258.8977
243.6839
209.4829
224.8035
250.4466
241.3621
179.9382
196.6367
210.8009
264.5546
225.351
243.1565
228.0829
234.1305
2
2
2
2
2
2
2
2
2
2
2
2
2
2
2
2
2
2
2
2
2
2
2
2
2
2
1
1
1
1
1
1
1
1
1
1
1
1
1
1
1
1
1
1
1
1
1
1
1
1
1
1
1
1
1
1
