6
7
3
5
4
2
0
1
14
15
11
13
12
10
8
9
19
27
29
20
23
31
26
28
17
25
22
18
30
16
21
24
38
39
35
37
36
34
32
33
43
51
53
44
47
55
50
52
41
49
46
42
54
40
45
48
207.3705
227.5337
225.8729
241.7785
272.5661
234.3095
226.5244
241.3194
257.7276
350.1433
279.9111
226.5662
228.5119
241.2084
258.1151
257.1903
243.2659
258.4964
209.2736
226.9656
224.44
215.0616
225.9405
211.6471
162.9387
211.4863
179.9667
201.8065
241.9871
241.3676
209.9033
241.133
187.0675
227.3058
225.1535
212.6502
241.7832
196.4652
225.831
210.9474
194.5449
254.8914
243.0178
211.7684
226.6326
240.9137
255.7305
258.8405
366.9023
248.2006
210.3959
241.9338
302.9903
211.3717
203.0134
224.4688
1
1
1
1
1
1
1
1
1
1
2
2
2
2
2
2
2
2
2
2
2
2
2
2
2
2
2
2
2
2
2
2
2
2
2
2
2
2
2
2
1
1
1
1
1
1
1
1
1
1
1
1
2
2
2
2
