2
1
5
6
0
4
7
3
10
9
13
14
8
12
15
11
16
31
24
20
23
22
18
28
21
29
19
17
25
30
27
26
34
33
37
38
32
36
39
35
40
55
48
44
47
46
42
52
45
53
43
41
49
54
51
50
258.1353
227.4721
239.5097
211.706
243.4362
257.4494
242.5165
224.8785
226.3762
245.5008
273.969
240.5546
211.2667
178.8901
258.6291
241.1982
243.9833
247.6519
241.5051
226.1633
226.6978
226.8515
199.8268
241.0461
227.1233
243.4121
256.5009
211.5408
241.3005
195.7075
210.2205
196.9227
195.0995
258.0499
241.4731
195.4531
243.1395
254.4568
227.6538
233.2803
210.3173
208.7999
226.9834
240.2113
266.1199
226.9625
243.2213
212.6754
225.3708
241.5221
241.5316
241.8413
227.1193
242.7476
209.0369
180.4854
2
2
2
2
2
2
2
2
2
2
2
2
2
1
1
1
1
1
1
1
1
1
1
1
1
1
1
1
1
1
1
1
1
2
2
2
2
2
2
2
2
2
2
2
2
2
2
2
2
2
2
2
2
2
2
1
