2
0
5
3
1
7
6
4
10
8
13
11
9
15
14
12
16
17
29
31
22
21
18
28
27
19
23
25
20
26
30
24
34
32
37
35
33
39
38
36
40
41
53
55
46
45
42
52
51
43
47
49
44
50
54
48
1133.364
273.675
210.5299
211.9604
179.7158
179.0521
179.6534
165.0515
183.7178
195.7537
196.2898
207.783
163.9789
162.9584
163.5577
148.507
163.6241
226.0882
210.0866
181.251
163.3096
179.1746
178.2865
178.7467
195.6182
195.8217
194.9537
217.7836
225.1033
225.5671
179.2591
226.5907
191.5495
219.6929
212.1563
226.0546
224.2709
223.9237
219.9533
272.6463
272.8498
241.9618
241.8986
225.9484
242.1025
270.0899
241.2337
273.1314
243.0297
262.9815
226.7381
290.1353
209.1388
273.9101
242.0306
271.3533
1
1
1
1
1
1
1
1
1
1
1
1
1
1
1
1
1
2
2
2
2
2
2
2
2
2
2
2
2
2
2
2
2
2
2
2
2
2
2
2
2
2
2
2
2
2
2
2
2
2
2
2
2
2
2
2
