3
4
1
0
5
7
2
6
11
12
9
8
13
15
10
14
19
26
17
30
29
31
21
18
25
20
24
22
27
16
23
28
35
36
33
32
37
39
34
38
43
50
41
54
53
55
45
42
49
44
48
46
51
40
47
52
253.4257
241.5035
227.1047
428.8864
273.376
195.9852
209.2036
1679.209
210.0965
210.9008
229.82
304.2398
227.3757
244.4831
233.82
211.1173
225.9721
256.365
227.1746
290.0705
257.8844
227.6586
243.2782
242.251
226.7203
256.0011
259.2205
272.1074
240.4246
227.6866
251.9984
239.9905
241.6477
240.5167
257.8749
249.0002
273.6304
228.6889
272.9094
212.3653
243.2865
223.4745
226.7784
244.0189
241.8544
242.2897
222.9885
224.9801
209.8369
258.7184
212.6261
226.5236
226.5943
254.4485
194.8799
227.0992
1
1
1
1
1
1
1
1
1
1
1
1
2
2
2
2
2
2
2
2
2
2
2
2
2
2
2
2
2
2
2
2
2
2
2
2
2
2
2
2
2
2
2
2
2
2
2
2
2
2
2
2
2
2
2
2
