7
1
2
4
6
5
3
0
15
9
10
12
14
13
11
8
16
18
30
22
31
24
25
23
27
20
17
26
19
21
28
29
39
33
34
36
38
37
35
32
40
42
54
46
55
48
49
47
51
44
41
50
43
45
52
53
236.3266
241.8149
272.8474
273.1192
269.4151
273.323
226.5492
257.7773
288.6455
257.0161
242.5489
228.5159
240.0422
234.3498
272.9932
243.3911
211.7763
337.6815
228.3768
242.6105
273.2263
258.2174
243.8941
243.7194
240.6376
226.9668
241.6264
229.3206
232.0177
222.0949
241.914
213.5821
254.9388
290.2404
259.1186
273.0572
257.0571
274.3194
243.049
243.6791
242.4197
258.2799
275.5627
272.2848
227.2465
243.61
243.2078
304.2963
275.181
242.6401
240.7837
258.6188
211.5851
227.608
218.9241
416.1867
2
2
2
2
2
2
2
2
2
2
2
2
2
2
2
2
2
2
2
2
2
2
2
2
2
2
2
2
2
2
2
2
2
2
2
2
2
2
2
2
2
2
2
2
2
2
2
2
2
2
2
2
2
2
2
2
