3
7
6
4
2
1
0
5
11
15
14
12
10
9
8
13
21
23
22
19
29
20
16
25
26
30
27
24
28
17
18
31
35
39
38
36
34
33
32
37
45
47
46
43
53
44
40
49
50
54
51
48
52
41
42
55
324.6945
366.0937
380.6324
366.4592
385.733
364.3653
366.3375
377.3546
210.4005
452.705
293.4025
382.3126
303.3868
353.3186
368.3657
367.3552
326.142
351.7767
334.6674
398.1328
352.5747
346.9036
334.9696
417.5465
299.2802
350.6745
322.7974
375.6823
352.2137
303.9079
346.9206
393.7646
332.6652
367.5792
351.262
317.6478
350.2609
303.7072
362.0795
352.4981
302.6935
396.1346
384.57
345.8468
320.1145
349.033
323.0862
376.1646
291.5654
406.9368
302.1049
366.3359
349.5166
334.7219
383.3903
333.8042
1
2
2
1
2
1
2
1
2
1
2
2
1
2
1
2
2
1
2
1
2
1
2
1
2
1
2
2
1
2
1
2
2
1
2
1
2
1
2
1
2
2
1
2
1
2
1
2
1
2
1
2
2
1
2
1
