1
0
4
3
6
5
2
7
9
8
12
11
14
13
10
15
18
29
21
20
27
24
16
19
22
23
31
28
26
25
17
30
33
32
36
35
38
37
34
39
42
53
45
44
51
48
40
43
46
47
55
52
50
49
41
54
331.5022
350.6788
350.5003
349.3317
351.5302
336.8395
336.0762
349.6762
412.3321
274.5221
386.9131
332.6431
319.5551
323.4963
192.7231
193.4148
353.127
317.9283
303.7207
352.9975
366.5338
367.3887
302.6469
210.7347
159.5921
350.6468
335.4066
352.8916
349.5877
506.9449
353.0749
378.6583
336.525
367.1825
365.9831
334.6382
382.7385
325.7916
377.2807
335.6796
349.837
366.2889
339.6835
315.7384
336.796
351.3722
338.3107
367.2244
331.5188
317.197
350.8942
320.7664
324.6119
365.3566
316.3769
333.6703
2
1
2
2
1
2
1
2
1
2
2
1
2
1
2
1
2
1
2
1
2
1
2
2
2
1
2
1
2
1
2
2
1
1
2
2
2
1
1
2
2
2
1
2
1
2
2
2
1
2
1
2
1
2
1
2
