4
6
1
5
7
3
2
0
12
14
9
13
15
11
10
8
16
29
24
27
21
17
31
22
25
28
20
30
23
19
26
18
36
38
33
37
39
35
34
32
40
53
48
51
45
41
55
46
49
52
44
54
47
43
50
42
443.5965
347.0067
386.7645
347.0162
350.8392
380.7351
386.0858
346.8819
322.9993
394.4354
212.5702
393.5161
319.0905
414.3943
304.1055
363.1102
415.8047
410.6025
310.063
390.631
412.9591
351.273
363.6108
333.5782
367.3437
318.5864
386.3477
347.4382
413.8693
411.1457
271.6196
365.2309
351.9174
363.8526
320.9928
396.3064
366.1838
381.9713
342.5528
389.9839
338.7081
364.4629
331.085
347.5922
416.6849
366.5931
329.1429
402.162
366.2719
408.2243
350.4659
413.5872
366.3454
354.347
367.9493
364.1528
1
2
2
1
2
2
1
2
1
2
1
2
1
2
1
2
2
1
2
1
2
2
1
2
1
2
1
2
2
1
2
1
2
1
2
1
2
2
1
2
1
2
1
2
2
1
2
1
2
1
2
2
1
2
1
2
