5
0
2
7
4
1
6
3
13
8
10
15
12
9
14
11
25
19
31
23
27
22
28
18
30
20
17
29
26
24
16
21
37
32
34
39
36
33
38
35
49
43
55
47
51
46
52
42
54
44
41
53
50
48
40
45
318.5726
365.7141
303.2423
392.1777
337.0844
331.7594
396.2266
369.7682
328.463
363.9256
350.9522
351.211
349.0243
321.7197
409.2439
363.4441
302.5308
350.3494
302.4063
367.6538
301.2626
394.9087
334.9037
567.528
322.0894
376.922
273.5522
366.9712
386.4872
373.1057
332.8007
365.6205
365.1369
349.6375
367.2422
364.8525
349.8619
366.7472
348.5815
365.5873
334.2968
339.2612
329.8354
379.4863
366.5251
332.026
399.3038
365.195
365.769
331.8198
318.093
349.7682
413.3917
316.0861
520.1273
415.192
2
1
2
1
2
1
2
2
1
2
1
2
1
2
2
1
2
1
2
1
2
1
2
2
2
1
2
1
2
1
2
2
1
2
1
2
2
1
2
1
2
1
2
2
1
2
1
2
2
1
2
1
2
1
2
2
