5
4
3
6
0
2
1
7
13
12
11
14
8
10
9
15
25
27
24
29
31
16
23
28
26
18
20
21
17
22
19
30
37
36
35
38
32
34
33
39
49
51
48
53
55
40
47
52
50
42
44
45
41
46
43
54
2929.75
778.0526
1157.556
929.2725
742.5595
699.0889
613.2804
632.4184
1679.765
366.9099
320.0087
396.6584
302.686
415.7391
335.6258
334.0954
336.0181
367.8229
366.1953
321.3681
404.0971
298.5999
380.7177
336.0086
700.9658
312.0205
335.9498
398.7025
354.9929
301.5376
349.6003
321.8773
425.7156
410.9715
353.1278
318.9534
352.3468
350.7255
367.2544
351.3354
334.3383
337.4581
333.0022
320.0296
306.4897
365.7413
304.8071
349.8046
338.174
394.6112
276.5788
372.0852
363.3481
315.4994
365.3969
366.8756
2
2
1
2
1
1
1
2
2
1
2
1
2
2
1
1
2
2
1
2
1
2
1
2
1
1
2
2
1
2
1
2
2
1
2
1
2
1
2
2
1
2
1
2
1
2
1
2
1
2
1
2
1
2
2
1
