6
2
7
1
0
5
3
4
14
10
15
9
8
13
11
12
16
29
28
26
19
30
23
17
27
18
31
21
20
25
22
24
38
34
39
33
32
37
35
36
40
53
52
50
43
54
47
41
51
42
55
45
44
49
46
48
363.9478
289.2397
381.8326
352.154
381.3313
351.4642
287.2186
355.4397
367.1517
312.0446
321.2187
380.1046
226.5245
414.3035
397.9712
323.593
368.2109
376.5486
318.7919
320.6435
413.3324
366.0191
352.1232
381.8144
336.6249
318.4525
318.2688
339.8344
366.3964
329.451
350.4928
367.2406
335.5571
365.4447
325.8461
327.7084
351.5089
319.3884
382.0408
306.2424
347.2868
383.3255
322.1345
346.1392
351.4022
340.1734
328.8015
352.9315
300.845
367.3848
365.6209
399.8829
407.4136
317.5206
337.0473
272.3544
1
2
1
2
2
1
2
1
2
1
2
1
2
2
2
1
1
1
1
2
2
2
1
2
1
2
1
2
1
2
2
1
2
1
2
1
2
2
1
2
1
2
1
2
2
1
2
1
2
1
2
2
1
2
1
2
