4
6
2
3
7
0
5
1
12
14
10
11
15
8
13
9
30
26
29
27
25
17
19
28
18
20
22
21
16
24
31
23
36
38
34
35
39
32
37
33
54
50
53
51
49
41
43
52
42
44
46
45
40
48
55
47
517.3779
22.1012
38.2099
23.0079
21.3155
37.1001
22.2668
36.7604
20.8497
21.5533
36.1066
21.5438
36.0651
22.2229
18.5117
35.5341
20.1848
20.7944
36.89
22.7191
37.5157
22.7203
22.6065
37.6216
20.8888
21.846
38.0266
22.3849
38.371
23.3413
30.7163
20.8793
38.2474
21.9646
22.0021
37.7713
21.3064
32.4455
22.0645
20.5965
36.9524
21.0468
35.1094
20.3413
21.6149
36.4846
22.2383
19.5638
35.271
21.4142
35.9201
19.4504
20.3144
35.7909
20.4088
18.3051
1
1
1
1
1
1
1
1
1
1
1
1
1
1
1
1
1
1
1
1
1
1
1
1
1
1
1
1
1
1
1
1
1
1
1
1
1
1
1
1
1
1
1
1
1
1
1
1
1
1
1
1
1
1
1
1
