6
7
1
0
5
2
4
3
14
15
9
8
13
10
12
11
18
21
22
16
19
31
30
24
28
27
17
23
25
20
29
26
38
39
33
32
37
34
36
35
42
45
46
40
43
55
54
48
52
51
41
47
49
44
53
50
17.8022
37.8729
23.2777
37.9456
20.877
17.769
36.3985
21.5608
20.4475
37.7263
22.1336
36.3539
20.8809
20.54
37.0918
21.6999
21.2985
36.9974
21.6876
36.9516
19.2323
21.3012
37.1112
20.6249
36.8125
21.5565
21.8737
37.8591
22.3434
22.7693
36.9899
21.0405
37.4387
21.6588
21.965
37.9116
20.602
21.9049
37.3814
21.4379
36.9295
21.3965
22.2506
38.4295
22.2028
28.0833
21.3427
37.477
22.1332
36.6984
22.3331
23.0399
37.21
22.695
22.4398
36.9856
1
1
1
1
1
1
1
1
1
1
1
1
1
1
1
1
1
1
1
1
1
1
1
1
1
1
1
1
1
1
1
1
1
1
1
1
1
1
1
1
1
1
1
1
1
1
1
1
1
1
1
1
1
1
1
1
