2
6
5
0
4
1
3
7
10
14
13
8
12
9
11
15
31
19
26
24
22
25
20
27
17
23
16
29
30
21
28
18
34
38
37
32
36
33
35
39
55
43
50
48
46
49
44
51
41
47
40
53
54
45
52
42
28.0201
21.4771
34.7069
442.9334
522.731
21.8816
37.543
21.481
21.3289
37.4016
23.0853
39.5456
21.8255
18.7243
37.7611
21.9282
22.4493
28.5222
35.8502
23.6056
37.8101
23.1229
23.2781
37.8124
22.6053
22.4426
38.2434
20.4933
38.3865
23.1106
22.8341
38.467
21.3996
22.6077
37.9851
22.7045
38.6464
22.3501
22.8732
37.0365
24.0619
22.9779
37.1712
4211.625
515.4002
23.0869
22.1712
39.0209
22.5967
38.4726
22.7452
21.5837
37.3605
22.8045
23.5326
38.1467
1
1
1
2
2
2
2
2
2
2
2
2
2
2
2
2
2
2
2
2
2
2
2
2
2
2
2
2
2
2
2
2
2
2
2
2
2
2
2
2
2
2
2
2
2
2
2
2
2
2
2
2
2
2
2
2
