1
3
0
6
5
4
2
7
9
11
8
14
13
12
10
15
29
23
27
21
16
31
24
26
17
19
18
22
28
25
20
30
33
35
32
38
37
36
34
39
53
47
51
45
40
55
48
50
41
43
42
46
52
49
44
54
1712.52
162.5593
178.0864
319.284
147.261
163.383
148.9293
163.417
146.8074
147.6252
270.7985
178.9334
163.479
101.1561
163.9424
147.6758
257.2483
163.5529
147.7722
148.2103
178.4348
132.5264
131.8982
178.7023
116.8168
270.9151
195.0404
131.7402
188.3556
210.3641
145.9569
132.1044
554.2936
350.6712
195.2182
162.2843
147.7698
226.3127
163.5679
148.5611
413.4922
429.0849
193.3136
147.9839
161.6222
225.2583
162.6292
147.0492
131.387
351.0591
194.3929
170.323
148.0297
163.7532
159.3648
131.5695
1
1
1
2
2
2
2
2
2
2
1
1
1
2
2
2
1
1
1
2
2
2
2
2
2
1
1
1
2
2
2
2
1
1
1
1
2
2
2
2
2
1
1
1
1
2
2
2
2
1
1
1
2
2
2
2
