0
1
7
3
6
5
2
4
8
9
15
11
14
13
10
12
26
24
28
23
17
19
29
16
27
21
20
31
18
30
25
22
32
33
39
35
38
37
34
36
50
48
52
47
41
43
53
40
51
45
44
55
42
54
49
46
124.7681
115.1729
163.0432
132.68
162.1184
147.6137
163.7765
147.0808
130.6411
162.7315
210.5557
194.8275
148.0724
194.6987
193.6008
179.4924
146.8706
147.3688
224.3342
193.3938
147.3131
162.5293
523.0632
22.49
23.1758
37.0271
20.2717
22.6358
27.676
36.5708
21.4585
38.4971
21.5482
22.2154
38.6314
21.9148
37.0701
22.2332
22.0001
37.8812
23.7095
20.8963
37.7824
21.543
38.0108
19.7036
22.4947
38.58
21.4427
22.3316
37.7386
22.5362
38.6132
22.1795
22.2616
115.4368
2
2
2
2
2
2
2
2
2
2
1
1
1
1
1
1
1
1
2
2
2
2
2
2
2
2
2
2
2
2
2
2
2
2
2
2
2
2
2
2
2
2
2
2
2
2
2
2
2
2
2
2
2
2
2
1
