5
4
1
0
2
7
3
6
13
12
9
8
10
15
11
14
28
25
27
29
19
31
16
17
22
30
20
23
26
18
21
24
37
36
33
32
34
39
35
38
52
49
51
53
43
55
40
41
46
54
44
47
50
42
45
48
16.6423
37.0764
22.8266
21.9081
37.2558
23.0312
38.7705
22.4947
22.0681
37.3905
23.6428
20.7806
38.1941
23.9557
37.7899
21.4774
22.0301
37.4146
22.9728
21.9989
38.9715
22.7491
36.7473
21.7923
21.9171
38.3928
22.8396
39.0458
22.2723
21.5829
36.6403
22.2182
23.1723
37.9223
22.2119
37.8381
22.4402
116.336
523.4061
21.9981
21.4857
37.6192
22.1143
23.8478
36.9733
22.4991
37.9199
23.0016
21.4806
37.3976
22.8965
38.3517
22.1542
22.6129
37.1084
22.4714
2
2
2
2
2
2
2
2
2
2
2
2
2
2
2
2
2
2
2
2
2
2
2
2
2
2
2
2
2
2
2
2
2
2
2
2
2
1
1
1
1
1
1
1
1
1
1
1
1
1
1
1
1
1
1
1
