3
7
0
4
6
1
5
2
11
15
8
12
14
9
13
10
30
16
31
27
25
19
22
21
20
28
18
23
29
17
24
26
35
39
32
36
38
33
37
34
54
40
55
51
49
43
46
45
44
52
42
47
53
41
48
50
19.2695
37.3555
24.4247
21.0544
39.8254
23.8989
22.7757
38.0887
21.3657
26.6746
35.8598
25.4621
37.122
23.4094
20.5309
40.0213
23.8273
38.3313
24.3255
24.1157
39.1921
23.7306
24.2623
34.9377
24.7214
39.247
21.4937
21.7888
37.4831
24.1157
29.7675
22.3569
37.7359
23.5966
37.9959
23.5812
23.1391
37.9662
23.97
21.995
39.5536
25.4349
36.3003
23.3857
23.456
37.3167
24.5163
24.7068
38.0962
24.2825
37.022
23.6432
46.1658
8.4673
30.9152
33.4779
1
1
1
1
1
1
1
1
1
1
1
1
1
1
1
1
1
1
1
1
1
1
1
1
1
1
1
1
1
1
1
1
1
1
1
1
1
1
1
1
1
1
1
1
1
1
1
1
1
1
1
1
1
1
1
1
