7
5
2
1
6
0
3
4
15
13
10
9
14
8
11
12
29
24
19
18
30
26
17
31
23
21
25
20
16
22
28
27
39
37
34
33
38
32
35
36
53
48
43
42
54
50
41
55
47
45
49
44
40
46
52
51
19.4805
21.2227
35.7807
23.2853
39.2601
23.3857
22.0622
37.9998
18.0543
20.9789
37.9086
20.9367
36.8454
20.574
20.4069
36.399
21.387
24.1604
37.1824
22.417
38.5367
22.9219
23.0234
37.8149
18.9637
39.6607
22.5533
22.0816
37.0643
20.866
22.5857
31.74
27.6915
37.3274
23.5299
19.9427
39.0491
24.8154
36.8533
22.4241
19.9542
37.7983
23.8503
23.1968
39.0337
22.7516
36.9166
22.481
23.3343
36.5254
22.9685
21.1903
38.7461
23.0143
37.2761
22.6927
1
1
1
1
1
1
1
1
1
1
1
1
1
1
1
1
1
1
1
1
1
1
1
1
1
1
1
1
1
1
1
1
1
1
1
1
1
1
1
1
1
1
1
1
1
1
1
1
1
1
1
1
1
1
1
1
