0
7
1
6
2
5
4
3
8
15
9
14
10
13
12
11
19
26
23
17
20
27
25
22
18
28
29
30
31
24
21
16
32
39
33
38
34
37
36
35
43
50
47
41
44
51
49
46
42
52
53
54
55
48
45
40
16.5744
38.4221
23.7163
39.524
23.3153
28.2991
19.9265
38.6845
22.2542
39.6255
24.3326
21.6284
39.3553
24.2868
22.4905
39.6018
21.536
24.4488
37.3345
23.3655
10.3605
21.4451
20.6728
37.3262
26.8907
22.4296
24.0948
21.7086
37.6012
24.3646
22.8026
39.5279
21.8339
36.6582
27.6828
11.5121
37.9342
21.566
37.0157
21.3029
21.8524
36.2252
23.4876
23.2423
36.2675
23.9553
39.1949
24.5045
30.9013
22.3048
24.1406
38.7449
22.2921
37.7478
23.2735
21.3906
1
1
1
1
1
1
1
1
1
1
1
1
1
1
1
1
1
1
1
1
1
1
1
1
1
1
1
1
1
1
1
1
1
1
1
1
1
1
1
1
1
1
1
1
1
1
1
1
1
1
1
1
1
1
1
1
