3
2
0
7
1
6
5
4
11
10
8
15
9
14
13
12
17
20
26
21
22
31
16
29
28
23
19
27
25
18
30
24
35
34
32
39
33
38
37
36
41
44
50
45
46
55
40
53
52
47
43
51
49
42
54
48
31.8455
23.6353
38.4739
23.083
22.1266
36.9557
22.7761
23.1656
39.0874
23.8092
36.5559
21.3863
24.2347
36.0281
21.2326
36.674
23.2008
23.8325
38.5177
24.1979
23.1869
37.246
23.535
38.8658
24.4681
22.3237
36.578
23.0827
40.6534
21.4969
22.4616
40.3864
19.9814
23.3608
39.6452
24.0423
36.8304
21.1287
23.7843
39.9724
22.7927
22.684
38.1788
22.2183
39.0396
23.3556
22.6706
39.4066
21.9164
22.6362
38.3791
24.0687
38.2933
21.7809
22.573
38.9175
1
1
1
1
1
1
1
1
1
1
1
1
1
1
1
1
1
1
1
1
1
1
1
1
1
1
1
1
1
1
1
1
1
1
1
1
1
1
1
1
1
1
1
1
1
1
1
1
1
1
1
1
1
1
1
1
