6
4
3
1
2
7
5
0
14
12
11
9
10
15
13
8
25
24
16
27
30
28
19
23
26
17
20
31
21
29
18
22
38
36
35
33
34
39
37
32
49
48
40
51
54
52
43
47
50
41
44
55
45
53
42
46
17.086
37.6628
24.4172
18.8033
37.4428
21.9318
22.048
37.2101
20.8952
38.2124
22.3506
24.2584
37.8619
23.2351
20.5333
39.2676
22.4991
37.6668
22.7654
10.6587
37.28
22.7611
39.138
22.9001
23.3588
35.6377
22.4719
21.6581
37.4653
24.881
27.1372
21.1073
37.8987
23.3707
39.0491
23.2984
21.7805
37.8054
23.0198
22.7121
36.0162
33.5091
21.4965
23.2589
38.4727
23.4505
28.7917
38.4684
22.144
22.4304
38.0618
24.0964
38.1329
22.3328
23.567
37.6439
1
1
1
1
1
1
1
1
1
1
1
1
1
1
1
1
1
1
1
1
1
1
1
1
1
1
1
1
1
1
1
1
1
1
1
1
1
1
1
1
1
1
1
1
1
1
1
1
1
1
1
1
1
1
1
1
