5
2
4
3
7
1
0
6
13
10
12
11
15
9
8
14
24
30
26
22
19
27
28
23
21
20
31
25
17
18
16
29
37
34
36
35
39
33
32
38
48
54
50
46
43
51
52
47
45
44
55
49
41
42
40
53
1259.35
211.8909
165.0653
165.4165
507.3766
38.9594
23.1818
38.4573
22.0788
22.6473
38.707
24.9983
21.291
37.9145
24.7218
39.3742
24.7787
23.307
37.8564
24.2189
25.6146
39.2277
21.8674
39.6381
23.5769
25.5992
38.6513
24.0798
41.6778
20.9082
24.7767
38.8077
31.3912
22.8128
24.1979
37.3906
25.4044
23.1068
47.4936
24.8585
22.6568
24.9007
38.9081
23.7515
39.6184
24.7016
22.0018
39.9696
24.9074
23.6191
38.8263
22.5189
38.705
23.0665
23.7029
40.7329
1
1
1
1
1
1
1
1
1
1
1
1
1
1
1
1
1
1
1
1
1
1
1
1
1
1
1
1
1
1
1
1
1
1
1
1
1
1
1
1
1
1
1
1
1
1
1
1
1
1
1
1
1
1
1
1
