1
2
0
3
4
5
6
7
9
10
8
11
12
13
14
15
18
22
24
25
17
20
26
21
23
16
19
27
28
29
30
31
33
34
32
35
36
37
38
39
42
46
48
49
41
44
50
45
47
40
43
51
52
53
54
55
1037.658
508.6887
41.1061
22.652
22.6935
40.7715
23.164
24.6814
36.8208
23.3169
39.2714
22.648
22.7705
38.9459
23.7344
23.4796
39.9794
23.4144
39.8747
22.8918
25.5979
38.3169
22.7847
39.0506
23.3267
23.0174
39.9446
24.8331
24.5155
39.0845
22.0527
40.4831
21.8488
24.8588
39.9126
19.7186
38.4493
23.002
26.6101
38.7578
24.3859
22.6792
38.2415
20.6407
38.7942
22.5643
22.7958
37.9373
179.8915
524.5911
24.7383
23.4946
46.5326
23.5895
24.4456
23.2809
1
1
1
1
1
1
1
1
1
1
1
1
1
1
1
1
1
1
1
1
1
1
1
1
1
1
1
1
1
1
1
1
1
1
1
1
1
1
1
1
1
1
1
1
1
1
1
1
2
2
2
2
2
2
2
2
