5
1
2
4
6
7
0
3
13
9
10
12
14
15
8
11
21
19
17
29
23
31
27
25
28
26
22
20
18
30
24
16
37
33
34
36
38
39
32
35
45
43
41
53
47
55
51
49
52
50
46
44
42
54
48
40
16.0671
21.592
37.8685
21.8449
35.431
22.6508
22.5358
37.8646
21.5253
21.4032
37.7915
24.2611
37.8136
24.4819
22.727
38.1562
26.044
37.3514
23.6266
23.2781
36.7312
23.2082
23.8676
39.1707
22.4659
37.2459
23.4757
32.0449
21.2001
38.7721
23.74
20.7679
38.9095
24.4147
23.0052
37.3234
21.9266
39.6471
22.4604
23.9122
38.5247
24.9844
19.979
40.1429
24.3432
37.543
23.5875
21.6663
37.3905
24.3788
23.3884
38.2154
23.2371
36.6502
24.2958
23.3817
2
2
2
2
2
2
2
2
2
2
2
2
2
2
2
2
2
2
2
2
2
2
2
2
2
2
2
2
2
2
2
2
2
2
2
2
2
2
2
2
2
2
2
2
2
2
2
2
2
2
2
2
2
2
2
2
