0
3
5
6
2
4
7
1
8
11
13
14
10
12
15
9
22
31
23
21
17
16
25
24
30
28
19
18
27
26
20
29
32
35
37
38
34
36
39
33
46
55
47
45
41
40
49
48
54
52
43
42
51
50
44
53
30.6263
23.1336
36.6462
23.4595
23.0557
39.2118
22.7808
22.9581
36.0607
23.676
39.4267
22.6239
22.9325
36.1571
23.3556
23.4524
38.3782
22.9799
38.5145
22.5797
22.4315
38.6915
23.3453
24.9516
36.4384
23.4192
37.3889
22.9909
24.2512
39.8115
22.6164
37.3419
23.4022
22.795
39.8166
19.9628
21.1057
39.2951
23.002
36.0299
21.0358
23.0304
37.1669
211.5019
507.592
38.7855
22.5884
23.8044
37.4822
23.224
36.6205
23.1209
24.1801
37.5284
23.6116
21.0599
2
2
2
2
2
2
2
2
2
2
2
2
2
2
2
2
2
2
2
2
2
2
2
2
2
2
2
2
2
2
2
2
2
2
2
2
2
2
2
2
2
2
2
1
1
1
1
1
1
1
1
1
1
1
1
1
