2
4
7
3
0
5
6
1
10
12
15
11
8
13
14
9
23
24
27
28
21
18
31
20
19
17
25
16
26
30
29
22
34
36
39
35
32
37
38
33
47
48
51
52
45
42
55
44
43
41
49
40
50
54
53
46
35.6226
21.9697
39.5041
23.8537
24.4147
37.4142
22.6721
39.708
22.7547
24.2555
40.1552
23.5942
21.6604
39.7652
24.4384
39.4508
24.5712
21.9353
40.4281
24.7853
21.8698
38.7136
22.7176
39.371
24.54
23.83
39.2501
24.8734
37.564
23.4923
24.5502
40.4345
23.2378
23.2303
37.878
24.4207
39.2987
23.4863
24.7853
38.249
23.8889
23.7483
39.8257
24.1398
37.7674
23.6507
22.7191
40.2053
22.9913
23.6377
37.6303
24.154
39.8581
23.9675
22.8661
37.5015
2
2
2
2
2
2
2
2
2
2
2
2
2
2
2
2
2
2
2
2
2
2
2
2
2
2
2
2
2
2
2
2
2
2
2
2
2
2
2
2
2
2
2
2
2
2
2
2
2
2
2
2
2
2
2
2
