6
4
1
2
7
5
3
0
14
12
9
10
15
13
11
8
26
24
28
30
18
25
27
29
22
19
23
17
20
16
21
31
38
36
33
34
39
37
35
32
50
48
52
54
42
49
51
53
46
43
47
41
44
40
45
55
33.3716
22.8811
38.921
22.9917
30.9597
20.5412
38.9716
24.5562
22.0649
37.3759
20.8612
22.0274
37.5019
20.3887
37.1894
20.6253
19.3583
37.2139
20.9082
22.0503
37.6094
22.2336
36.3555
24.8623
20.406
39.6752
21.786
39.2185
21.4921
22.2952
38.2399
22.2229
21.8105
37.0863
23.8565
38.8151
22.6148
22.0408
35.7313
31.7645
21.1262
20.647
38.49
21.4526
21.6367
38.7124
21.9962
38.8894
20.8465
20.8939
38.921
23.0609
22.7804
37.2416
22.3758
36.8449
1
1
1
1
1
1
1
1
1
1
1
1
1
1
1
1
1
1
1
1
1
1
1
1
1
1
1
1
1
1
1
1
1
1
1
1
1
1
1
1
1
1
1
1
1
1
1
1
1
1
1
1
1
1
1
1
