0
4
5
1
6
3
7
2
8
12
13
9
14
11
15
10
24
22
30
28
20
29
25
26
19
31
16
27
18
17
21
23
32
36
37
33
38
35
39
34
48
46
54
52
44
53
49
50
43
55
40
51
42
41
45
47
19.6325
24.824
39.9675
22.9036
38.9996
25.0717
21.227
36.0809
22.1337
39.6586
22.3964
22.5591
39.8537
22.7247
23.7297
40.7177
22.7638
37.9302
24.7355
20.8702
39.1576
21.2554
21.6141
38.4406
21.7098
37.7342
21.5675
22.9791
40.4704
24.1176
23.6855
38.3971
24.3717
36.2267
24.5759
22.7361
37.9472
22.6701
46.4066
14.7318
23.4591
38.7926
24.3389
21.1432
37.9709
24.2824
38.8657
22.4177
22.1048
27.7712
38.2664
24.4977
39.2287
24.5423
20.0047
36.6573
2
2
2
2
2
2
2
2
2
2
2
2
2
2
2
2
2
2
2
2
2
2
2
2
2
2
2
2
2
2
2
2
2
2
2
2
2
2
2
2
2
2
2
2
2
2
2
2
2
2
2
2
2
2
2
2
