7
4
1
5
3
6
0
2
15
12
9
13
11
14
8
10
21
25
22
26
19
24
23
20
31
17
16
30
18
29
28
27
39
36
33
37
35
38
32
34
45
49
46
50
43
48
47
44
55
41
40
54
42
53
52
51
26.9831
20.4792
21.4316
34.9684
25.7244
29.7007
23.6523
19.7503
36.9307
19.2944
36.8663
20.907
20.0869
35.6946
26.0515
16.702
24.4377
30.9258
34.1613
26.298
15.6693
27.32
30.5872
19.4844
40.0138
14.9957
27.3556
29.1006
22.0495
40.3172
15.913
20.8608
35.7605
19.9462
35.3718
21.1978
25.0615
30.9996
21.0077
38.8981
17.79
25.3704
30.1767
19.8095
40.1876
16.4124
23.113
31.2031
18.9981
20.8225
32.9279
23.2031
30.7093
19.7364
21.1575
35.3319
2
2
2
2
2
2
2
2
2
2
2
2
2
2
2
2
2
2
2
2
2
2
2
2
2
2
2
2
2
2
2
2
2
2
2
2
2
2
2
2
2
2
2
2
2
2
2
2
2
2
2
2
2
2
2
2
