7
5
4
0
2
3
1
6
15
13
12
8
10
11
9
14
17
29
28
21
26
31
24
25
22
27
20
23
18
30
19
16
39
37
36
32
34
35
33
38
41
53
52
45
50
55
48
49
46
51
44
47
42
54
43
40
16.28
14.7618
35.9616
21.9737
33.5758
27.1245
17.4881
32.3543
21.1638
21.4565
39.3639
14.4082
36.3247
22.2629
18.2467
41.0694
15.6428
19.4978
33.2554
19.1024
38.4284
17.8804
19.6333
37.2005
17.4798
42.6105
14.7591
19.4954
35.8948
18.3166
21.1026
35.2793
19.5389
37.1796
20.8912
18.586
34.9167
20.6127
22.7895
34.5244
19.8633
33.8457
19.9569
21.0915
25.2116
30.8227
33.6074
22.0495
19.7605
25.7757
29.7315
17.8239
38.4398
20.5823
20.3334
33.4909
2
2
2
2
2
2
2
2
2
2
2
2
2
2
2
2
2
2
2
2
2
2
2
2
2
2
2
2
2
2
2
2
2
2
2
2
2
2
2
2
2
2
2
2
2
2
2
2
2
2
2
2
2
2
2
2
