3
0
5
2
1
7
6
4
11
8
13
10
9
15
14
12
16
25
26
23
19
30
21
22
27
28
29
20
18
17
31
24
35
32
37
34
33
39
38
36
40
49
50
47
43
54
45
46
51
52
53
44
42
41
55
48
30.4588
20.1912
19.2394
32.6787
20.062
34.0167
20.8505
23.6033
32.3215
20.1868
22.4063
32.4163
25.0433
31.676
20.4914
22.4975
38.1076
26.4335
32.7762
22.5449
20.6751
37.0164
28.7348
15.7921
35.7115
23.2991
35.6602
27.7957
17.2981
26.8112
32.9848
19.1984
43.7811
15.3686
22.7883
35.1051
20.3132
177.1701
521.791
21.5486
21.9942
35.2434
24.3417
34.2502
21.2298
23.8154
36.1453
28.1896
17.022
36.4495
21.8646
37.7149
17.3451
22.9499
35.7115
23.3121
1
1
1
1
1
1
1
1
1
1
1
1
1
1
1
1
1
1
1
1
1
1
1
1
1
1
1
1
1
1
1
1
1
1
1
1
1
2
2
2
2
2
2
2
2
2
2
2
2
2
2
2
2
2
2
2
