1
2
3
0
4
6
7
5
9
10
11
8
12
14
15
13
16
29
30
31
23
25
19
28
20
22
18
27
24
26
17
21
33
34
35
32
36
38
39
37
40
53
54
55
47
49
43
52
44
46
42
51
48
50
41
45
13.9756
33.5154
20.9441
20.0635
36.4294
18.7808
35.3374
20.4385
26.4912
29.2108
19.5993
35.0376
18.4541
23.2872
29.7994
16.4871
19.0024
36.6593
19.8644
32.7142
18.0756
22.8716
33.2061
19.0309
21.1812
34.1463
20.1631
36.0513
21.0966
15.3639
25.9705
29.0168
35.051
22.6101
13.4941
26.5038
28.7478
20.4618
40.7612
13.4301
23.448
29.3649
18.1945
39.8
16.0027
24.2085
29.4609
20.6233
40.2216
13.5367
24.1789
34.9479
15.2315
40.267
13.9389
27.0135
2
2
2
2
2
2
2
2
2
2
2
2
2
2
2
2
2
2
2
2
2
2
2
2
2
2
2
2
2
2
2
2
2
2
2
2
2
2
2
2
2
2
2
2
2
2
2
2
2
2
2
2
2
2
2
2
