6
4
1
7
5
2
0
3
14
12
9
15
13
10
8
11
18
30
29
22
23
17
31
16
24
19
27
20
21
28
26
25
38
36
33
39
37
34
32
35
42
54
53
46
47
41
55
40
48
43
51
44
45
52
50
49
16.6522
39.4852
18.4869
37.336
22.2166
19.9063
43.2371
13.1681
39.6045
20.0181
21.4257
42.4683
16.5617
20.0869
36.6522
21.2882
23.3106
37.7746
19.5725
36.1339
22.3786
22.859
36.8782
18.8317
37.9871
11.4425
29.6975
37.8856
20.3381
36.9109
21.148
22.1364
34.9874
22.6188
22.9159
25.1591
29.3329
37.033
19.919
17.865
23.5563
29.2033
19.663
38.151
19.164
24.5637
31.7175
20.655
38.2071
20.1283
26.2028
33.882
18.9025
33.6754
21.743
24.2721
2
2
2
2
2
2
2
2
2
2
2
2
2
2
2
2
2
2
2
2
2
2
2
2
2
2
2
2
2
2
2
2
2
2
2
2
2
2
2
2
2
2
2
2
2
2
2
2
2
2
2
2
2
2
2
2
