7
2
6
5
4
1
3
0
15
10
14
13
12
9
11
8
26
17
28
30
20
31
29
23
25
24
19
21
27
18
22
16
39
34
38
37
36
33
35
32
50
41
52
54
44
55
53
47
49
48
43
45
51
42
46
40
2862.857
522.9252
22.0633
36.83
23.405
22.1119
38.6401
22.1917
21.9405
40.8347
17.3846
39.9786
21.8508
22.2708
41.3554
17.9192
38.4296
22.5181
23.8139
39.3038
18.748
22.1036
36.5147
21.9346
39.1114
19.6815
21.6588
36.1098
21.2531
21.4585
36.4049
22.8132
38.8491
20.8635
21.3874
38.2478
23.6855
22.575
27.3113
33.5889
35.563
23.2896
20.8963
38.7831
21.6572
24.6652
37.1685
21.5367
25.6841
33.1231
20.6629
37.9195
21.8204
24.6008
30.6923
20.4179
1
1
1
1
1
1
1
1
1
1
1
1
1
1
1
1
1
1
1
1
1
1
1
1
1
1
1
1
1
1
1
1
1
1
1
1
1
1
1
1
1
1
1
1
1
1
1
1
1
1
1
1
1
1
1
1
