2
6
0
7
3
1
4
5
10
14
8
15
11
9
12
13
22
31
28
23
17
16
29
26
20
30
18
21
24
19
25
27
34
38
32
39
35
33
36
37
46
55
52
47
41
40
53
50
44
54
42
45
48
43
49
51
1604.686
521.3133
24.235
40.0809
22.7041
27.3702
32.6846
21.3226
38.8594
24.8138
21.3416
37.6169
23.4753
38.3178
25.8453
25.6975
33.4913
24.4665
37.2329
27.5942
24.4831
33.6181
20.9445
24.3377
43.0751
19.2493
25.2503
35.1233
25.0231
41.0891
24.0679
16.2062
28.7407
33.4316
42.9262
23.1569
18.0811
39.4259
22.4592
42.9483
23.275
16.5803
29.2922
34.0155
22.7895
39.8605
21.8891
25.7327
36.9054
22.6026
43.3793
18.1562
19.6618
28.6929
33.6319
43.6005
1
1
1
1
1
1
1
1
1
1
1
1
1
1
1
1
1
1
1
1
1
1
1
1
1
1
1
1
1
1
1
1
1
1
1
1
1
1
1
1
1
1
1
1
1
1
1
1
1
1
1
1
1
1
1
1
