3
2
0
1
5
6
4
7
11
10
8
9
13
14
12
15
28
27
25
22
24
20
17
31
16
19
18
26
21
29
23
30
35
34
32
33
37
38
36
39
52
51
49
46
48
44
41
55
40
43
42
50
45
53
47
54
13.7777
25.5178
21.6628
33.383
41.4376
16.8663
24.5277
32.8675
22.9775
22.7741
35.7898
26.3288
17.9061
34.8523
22.797
37.2428
26.5829
30.4462
10.078
17.805
36.1828
26.2885
15.3347
34.9301
19.7143
37.9571
26.5888
20.1193
31.7736
20.3618
20.9667
41.7133
23.8909
17.3068
34.1562
20.6731
42.4896
22.4205
18.1613
36.6222
19.7096
40.0651
25.2349
17.0346
25.3151
33.2744
38.9001
19.4342
21.1069
26.0657
31.8419
193.5505
505.1371
37.1741
25.3945
21.4715
2
2
2
2
2
2
2
2
2
2
2
2
2
2
2
2
2
2
2
2
2
2
2
2
2
2
2
2
2
2
2
2
2
2
2
2
2
2
2
2
2
2
2
2
2
2
2
2
2
2
2
1
1
1
1
1
