5
2
6
4
7
0
1
3
13
10
14
12
15
8
9
11
24
21
31
17
28
29
25
23
30
26
22
20
27
19
16
18
37
34
38
36
39
32
33
35
48
45
55
41
52
53
49
47
54
50
46
44
51
43
40
42
18.682
31.0486
21.0232
39.1146
25.4656
24.3504
33.165
23.4753
35.8004
19.2869
28.6569
32.5329
19.3552
36.0892
24.9078
16.6569
35.7708
20.2666
37.5498
26.1791
20.0884
34.2719
22.1487
22.1625
38.6919
26.9349
32.056
21.1792
22.0819
43.0858
19.9735
17.3064
28.2314
30.7523
42.0175
22.1285
15.3769
27.2991
32.0584
40.5815
19.7933
19.4816
24.6905
33.8077
21.2819
41.7825
16.8963
24.8813
34.0464
20.1268
42.9372
17.7141
23.9782
34.2992
23.5282
40.8517
2
2
2
2
2
2
2
2
2
2
2
2
2
2
2
2
2
2
2
2
2
2
2
2
2
2
2
2
2
2
2
2
2
2
2
2
2
2
2
2
2
2
2
2
2
2
2
2
2
2
2
2
2
2
2
2
