4
7
3
2
0
5
6
1
12
15
11
10
8
13
14
9
30
25
16
20
23
19
28
31
27
24
21
26
22
17
18
29
36
39
35
34
32
37
38
33
54
49
40
44
47
43
52
55
51
48
45
50
46
41
42
53
37.5174
18.2407
26.8764
32.9275
22.6405
53.5565
3.7483
25.3755
32.8951
22.0531
43.3651
16.777
24.9935
24.8493
33.7145
23.4773
35.565
22.2929
37.3629
20.9947
20.3314
29.2709
20.698
23.9995
32.4219
22.2151
36.5894
31.3362
19.7601
33.9764
22.4912
39.1209
28.1801
21.547
33.1535
21.4233
39.0684
154.7278
520.9578
33.6624
21.2776
41.8105
19.9897
26.0144
22.3205
31.3181
41.9187
19.8652
28.3634
20.6617
31.9656
20.9031
39.8186
24.7482
23.8719
30.7808
2
2
2
2
2
2
2
2
2
2
2
2
2
2
2
2
2
2
2
2
2
2
2
2
2
2
2
2
2
2
2
2
2
2
2
2
2
1
1
1
1
1
1
1
1
1
1
1
1
1
1
1
1
1
1
1
