3
7
1
4
2
6
0
5
11
15
9
12
10
14
8
13
28
18
23
17
25
16
19
22
26
31
20
30
29
24
27
21
35
39
33
36
34
38
32
37
52
42
47
41
49
40
43
46
50
55
44
54
53
48
51
45
16.8983
36.9631
23.3023
24.9955
36.4223
21.2554
35.1253
27.16
17.2851
34.8914
22.5042
34.6773
24.4677
17.8429
38.0144
21.7453
22.4477
41.946
20.9528
29.7094
23.9446
21.5723
42.9886
21.6797
17.7378
38.1107
22.2526
41.1077
23.4567
15.4129
29.9752
30.4892
39.5515
19.6744
20.9588
25.8476
33.8567
21.4316
42.7381
14.413
26.8957
34.78
19.9668
42.6156
17.7892
24.5597
30.5378
22.8436
42.5587
17.2132
23.5286
24.3622
30.9388
40.9852
272.1875
520.8144
1
1
1
1
1
1
1
1
1
1
1
1
1
1
1
1
1
1
1
1
1
1
1
1
1
1
1
1
1
1
1
1
1
1
1
1
1
1
1
1
1
1
1
1
1
1
1
1
1
1
1
1
1
1
2
2
