6
4
7
3
2
5
1
0
14
12
15
11
10
13
9
8
22
18
26
16
30
20
19
23
27
28
25
24
31
29
21
17
38
36
39
35
34
37
33
32
46
42
50
40
54
44
43
47
51
52
49
48
55
53
45
41
9.9211
25.9677
24.4191
34.1724
24.1757
39.0905
27.4026
20.6463
33.8354
22.5532
39.6009
27.196
20.9647
32.2461
134.7045
524.366
22.5453
34.3545
21.3696
38.9364
22.955
25.4064
36.6652
23.6464
23.1865
39.9328
25.1397
30.7934
23.0589
22.0626
44.5028
17.4901
38.9499
24.7067
23.3339
38.4244
24.1915
36.2125
22.0238
24.0872
38.1518
22.2798
21.5087
38.1503
23.3904
42.3245
19.8743
20.5898
26.3664
33.1709
23.2896
42.2387
14.6382
30.8606
34.7428
20.6226
1
1
1
1
1
1
1
1
1
1
1
1
1
1
2
2
2
2
2
2
2
2
2
2
2
2
2
2
2
2
2
2
2
2
2
2
2
2
2
2
2
2
2
2
2
2
2
2
2
2
2
2
2
2
2
2
