7
4
6
5
2
1
3
0
15
12
14
13
10
9
11
8
18
30
24
25
27
21
23
20
17
31
29
16
22
28
26
19
39
36
38
37
34
33
35
32
42
54
48
49
51
45
47
44
41
55
53
40
46
52
50
43
14.0669
19.6764
35.486
20.8087
21.6616
36.2453
20.0185
35.236
21.0749
19.0495
35.6168
20.8423
18.9305
35.5208
21.739
35.3007
20.1947
21.7201
35.9344
21.4175
20.5242
34.6596
23.0198
38.4684
21.9528
21.3606
37.8675
22.955
37.6352
21.4676
20.7494
37.0386
22.4905
22.0432
37.7
19.5615
37.4681
22.5153
22.7224
36.5148
17.3993
29.0098
22.2104
36.2607
22.0918
37.4163
21.7703
22.5481
36.7834
21.6502
20.3528
37.039
23.8601
36.8411
22.5327
22.7026
1
1
1
1
1
1
1
1
1
1
1
1
1
1
1
1
1
1
1
1
1
1
1
1
1
1
1
1
1
1
1
1
1
1
1
1
1
1
1
1
1
1
1
1
1
1
1
1
1
1
1
1
1
1
1
1
