0
5
1
7
4
6
3
2
8
13
9
15
12
14
11
10
25
17
19
18
26
31
16
28
24
29
21
22
27
30
23
20
32
37
33
39
36
38
35
34
49
41
43
42
50
55
40
52
48
53
45
46
51
54
47
44
1319.53
524.271
23.759
36.13
24.4278
39.4706
24.6127
23.7953
37.6597
24.0158
40.3899
23.6112
24.3974
38.4767
23.3659
23.7361
38.8725
24.5128
39.748
21.997
23.2458
39.8673
22.9234
23.7776
37.0943
24.5132
40.3939
24.4689
23.5168
37.2046
22.2834
21.7928
40.0565
23.2091
40.0782
22.2941
22.9069
36.9833
30.2116
23.5848
24.1568
38.3633
22.6426
36.9932
22.1195
23.998
38.5648
24.286
33.63
25.5569
23.8522
39.2648
23.2237
23.6464
39.6658
24.8861
1
1
1
1
1
1
1
1
1
1
1
1
1
1
1
1
1
1
1
1
1
1
1
1
1
1
1
1
1
1
1
1
1
1
1
1
1
1
1
1
1
1
1
1
1
1
1
1
1
1
1
1
1
1
1
1
