2
3
1
5
6
4
7
0
10
11
9
13
14
12
15
8
16
19
27
30
28
21
26
23
20
31
24
18
25
22
17
29
34
35
33
37
38
36
39
32
40
43
51
54
52
45
50
47
44
55
48
42
49
46
41
53
17.4696
24.0284
39.458
23.9609
39.219
22.8227
22.8338
38.7188
20.2216
23.5978
39.328
21.6533
39.326
23.6191
22.3016
39.0843
30.4328
23.5322
23.874
40.158
23.1842
38.9784
21.1346
23.0514
39.2419
24.4306
22.5469
39.5192
24.7407
32.6416
21.0109
21.7161
38.2756
21.1188
22.2578
38.5703
23.01
38.5446
23.5856
22.7737
39.4185
22.0638
38.0729
23.1569
21.5237
38.7449
21.7655
23.2581
39.0977
22.4051
37.1342
23.3126
23.7452
38.5821
23.3797
21.1532
1
1
1
1
1
1
1
1
1
1
1
1
1
1
1
1
1
1
1
1
1
1
1
1
1
1
1
1
1
1
1
1
1
1
1
1
1
1
1
1
1
1
1
1
1
1
1
1
1
1
1
1
1
1
1
1
