1
2
4
0
7
6
3
5
9
10
12
8
15
14
11
13
23
25
19
18
20
16
21
31
17
28
29
22
27
24
30
26
33
34
36
32
39
38
35
37
47
49
43
42
44
40
45
55
41
52
53
46
51
48
54
50
34.6473
23.4884
53.2792
8.3591
21.89
38.8915
23.3774
22.7472
38.5849
22.5572
36.1975
30.5363
20.5144
24.5009
37.4803
21.5455
21.5648
32.772
20.3338
37.0457
21.5324
18.7737
37.7529
22.5473
37.3088
22.8041
21.0595
37.8908
23.0056
22.6848
37.8299
23.2332
36.5574
20.5981
21.7797
33.6585
20.86
23.1715
35.8151
20.783
36.9339
22.9096
22.9108
37.7331
22.0745
21.7197
34.7579
22.6505
34.5209
22.765
22.9499
38.1365
20.0774
36.3998
20.4302
23.3339
1
1
1
1
1
1
1
1
1
1
1
1
1
1
1
1
1
1
1
1
1
1
1
1
1
1
1
1
1
1
1
1
1
1
1
1
1
1
1
1
1
1
1
1
1
1
1
1
1
1
1
1
1
1
1
1
