7
0
4
3
5
6
1
2
15
8
12
11
13
14
9
10
17
25
19
21
22
16
29
26
28
27
31
30
20
24
23
18
39
32
36
35
37
38
33
34
41
49
43
45
46
40
53
50
52
51
55
54
44
48
47
42
29.1504
18.9949
22.1685
37.0797
21.9062
38.8441
23.4137
21.7394
37.1279
20.3457
22.6275
37.8987
21.963
36.7218
21.0682
21.7146
34.6513
22.7453
21.6936
36.9035
23.2612
37.5585
22.5837
20.0585
38.1156
19.2853
38.3783
21.7284
22.3301
35.5556
21.8765
21.4906
37.9694
22.7105
37.3033
21.0911
18.6267
37.8122
22.7251
23.0645
36.5843
21.837
36.5227
22.2985
22.9756
33.139
21.8173
20.241
37.1323
23.0562
37.0382
23.0593
19.3758
37.4728
22.7085
36.0466
1
1
1
1
1
1
1
1
1
1
1
1
1
1
1
1
1
1
1
1
1
1
1
1
1
1
1
1
1
1
1
1
1
1
1
1
1
1
1
1
1
1
1
1
1
1
1
1
1
1
1
1
1
1
1
1
