3
5
1
2
4
0
7
6
11
13
9
10
12
8
15
14
26
31
23
30
20
18
16
19
24
21
29
25
27
17
28
22
35
37
33
34
36
32
39
38
50
55
47
54
44
42
40
43
48
45
53
49
51
41
52
46
35.8681
21.794
21.1816
36.1802
24.6309
19.8048
40.2323
20.0573
38.3028
23.8783
18.5501
38.0346
23.8021
39.1498
23.0637
22.4004
38.0804
23.9099
22.1294
39.9218
24.5033
34.8654
23.857
23.2375
34.4458
24.1857
24.19
39.9652
23.6306
38.7623
24.0521
21.6462
39.8989
20.9837
36.8273
23.0111
20.1248
39.829
24.0296
40.2248
23.6184
22.2716
36.7945
21.9156
21.0295
36.8071
23.8372
38.7607
23.6243
22.8235
39.1526
23.5702
40.0798
23.7369
22.8326
38.6485
1
1
1
1
1
1
1
1
1
1
1
1
1
1
1
1
1
1
1
1
1
1
1
1
1
1
1
1
1
1
1
1
1
1
1
1
1
1
1
1
1
1
1
1
1
1
1
1
1
1
1
1
1
1
1
1
