6
3
4
1
7
2
0
5
14
11
12
9
15
10
8
13
26
25
27
23
18
17
19
24
30
16
31
20
29
22
28
21
38
35
36
33
39
34
32
37
50
49
51
47
42
41
43
48
54
40
55
44
53
46
52
45
23.401
30.4572
21.4814
33.6706
24.924
26.6247
33.9487
20.8505
20.6869
41.2621
20.4562
36.0473
21.4245
20.8489
40.3112
17.0595
18.2905
34.8305
19.8628
36.7375
23.7609
16.1919
37.4407
21.0761
23.9746
41.3344
17.1768
25.5655
35.066
20.4606
44.1117
14.2466
28.5348
23.896
27.6926
39.3018
18.6457
26.5785
21.1389
30.5417
41.2321
18.3731
25.741
20.2658
32.3831
22.9451
35.1837
23.2094
22.4892
32.8513
22.0286
38.2565
26.4292
16.3863
36.918
22.2652
2
2
2
2
2
2
2
2
2
2
2
2
2
2
2
2
2
2
2
2
2
2
2
2
2
2
2
2
2
2
2
2
2
2
2
2
2
2
2
2
2
2
2
2
2
2
2
2
2
2
2
2
2
2
2
2
