2
4
5
1
7
3
6
0
10
12
13
9
15
11
14
8
24
26
16
27
25
21
30
19
23
31
18
22
29
20
28
17
34
36
37
33
39
35
38
32
48
50
40
51
49
45
54
43
47
55
42
46
53
44
52
41
31.3686
23.448
22.3189
42.7436
21.5703
34.6204
22.0456
23.3532
40.0754
23.5243
18.8219
27.2967
32.2464
41.718
22.68
18.4462
26.5603
34.9996
23.2845
40.6261
18.0487
27.3512
34.4497
21.0899
37.8539
22.8985
26.5982
25.0788
30.586
41.9831
18.84
25.5964
24.1469
29.4016
39.433
18.4604
24.5755
24.0655
35.6041
23.1616
37.3818
19.5934
26.842
34.4323
23.7767
38.7507
22.9882
23.7479
32.4017
21.6643
40.4108
23.3619
25.7354
27.5717
25.1804
23.8289
1
1
1
1
1
1
1
1
1
1
1
1
1
1
1
1
1
1
1
1
1
1
1
1
1
1
1
1
1
1
1
1
1
1
1
1
1
1
1
1
1
1
1
1
1
1
1
1
1
1
1
1
1
1
1
1
