5
6
3
1
0
7
4
2
13
14
11
9
8
15
12
10
28
17
27
22
18
23
30
29
19
21
16
20
24
31
25
26
37
38
35
33
32
39
36
34
52
41
51
46
42
47
54
53
43
45
40
44
48
55
49
50
36.4333
16.6423
36.3246
23.2781
23.1604
42.0491
22.5694
16.3334
34.0617
22.0862
39.5302
20.4064
17.9658
36.6103
21.2807
40.1054
26.2565
17.5944
26.061
31.9422
380.8987
523.0342
19.6384
29.4719
32.7387
21.7564
41.5154
19.8597
25.8524
34.9151
22.2423
40.3061
18.1672
27.8929
20.1568
30.8744
43.467
16.6486
27.3733
23.1675
33.0429
22.9779
37.334
25.6074
21.5027
35.2805
21.8974
38.4951
25.0022
23.5472
28.8307
20.9007
37.2732
27.6361
21.8018
30.7914
1
1
1
1
1
1
1
1
1
1
1
1
1
1
1
1
1
1
1
1
2
2
2
2
2
2
2
2
2
2
2
2
2
2
2
2
2
2
2
2
2
2
2
2
2
2
2
2
2
2
2
2
2
2
2
2
