5
6
2
1
3
0
7
4
13
14
10
9
11
8
15
12
19
30
28
29
26
27
16
23
31
20
17
25
24
21
18
22
37
38
34
33
35
32
39
36
43
54
52
53
50
51
40
47
55
44
41
49
48
45
42
46
16.5712
45.2499
21.3408
34.5686
23.3674
21.8022
42.0526
23.8692
14.2241
39.5898
22.9613
42.2399
23.1656
18.5718
26.6547
34.5184
23.3627
44.4799
16.3235
26.9412
32.997
24.2978
43.6364
16.2962
27.8075
32.7561
22.8456
40.0698
22.518
27.5626
35.4962
21.3111
24.1544
36.4858
29.5817
20.9741
30.0459
22.9451
39.979
21.3609
29.3293
33.4885
21.3921
39.4006
28.9544
20.3776
36.8208
20.1445
37.6991
28.1619
24.6462
30.6769
22.1992
38.0507
28.7829
15.4192
1
1
1
1
1
1
1
1
1
1
1
1
1
1
1
1
1
1
1
1
1
1
1
1
1
1
1
1
1
1
1
1
1
1
1
1
1
1
1
1
1
1
1
1
1
1
1
1
1
1
1
1
1
1
1
1
