6
1
5
2
0
7
3
4
14
9
13
10
8
15
11
12
29
27
19
17
20
25
23
31
28
21
16
30
18
26
22
24
38
33
37
34
32
39
35
36
53
51
43
41
44
49
47
55
52
45
40
54
42
50
46
48
1071493
508.1842
38.2838
24.4578
43.4646
22.8009
16.7814
39.6878
21.0034
43.9359
21.462
20.3033
27.3425
33.686
44.1524
22.4837
19.3611
28.361
36.5818
24.2235
39.5958
20.0201
21.4956
37.2033
24.1919
38.9672
23.6641
28.6012
24.5917
33.3147
24.6336
34.2577
26.3458
31.3026
20.9647
20.583
38.4722
29.8452
19.3611
34.6753
20.7067
38.2798
26.7006
24.4918
34.4647
24.2081
37.6548
25.8895
23.1964
35.0391
23.0048
36.0999
25.7888
22.9119
37.3479
24.5068
1
1
1
1
1
1
1
1
1
1
1
1
1
1
1
1
1
1
1
1
1
1
1
1
1
1
1
1
1
1
1
1
1
1
1
1
1
1
1
1
1
1
1
1
1
1
1
1
1
1
1
1
1
1
1
1
