0
1
4
7
5
6
3
2
8
9
12
15
13
14
11
10
16
28
30
25
24
20
27
31
29
21
19
22
17
18
23
26
32
33
36
39
37
38
35
34
40
52
54
49
48
44
51
55
53
45
43
46
41
42
47
50
15.2228
38.4291
24.2575
22.7231
33.4541
23.3734
20.2954
40.4558
21.0974
35.2066
23.0794
21.2598
42.5982
15.7732
21.622
27.7613
31.3244
41.6307
21.3755
16.7656
28.2417
33.323
41.4573
21.2029
15.836
25.0773
30.605
24.7482
40.9836
17.3732
27.2169
31.179
20.6822
44.1532
15.4378
28.2263
32.0082
23.0395
40.2887
18.4991
26.2988
20.4463
32.2393
22.8278
36.1524
26.4149
23.5484
31.1284
19.7052
39.7376
26.1475
20.9982
35.6929
19.1814
39.3876
24.781
2
2
2
2
2
2
2
2
2
2
2
2
2
2
2
2
2
2
2
2
2
2
2
2
2
2
2
2
2
2
2
2
2
2
2
2
2
2
2
2
2
2
2
2
2
2
2
2
2
2
2
2
2
2
2
2
