3
7
6
5
4
0
2
1
11
15
14
13
12
8
10
9
21
16
23
17
29
31
30
20
18
26
22
28
19
27
24
25
35
39
38
37
36
32
34
33
45
40
47
41
53
55
54
44
42
50
46
52
43
51
48
49
536.0531
474.6036
415.0153
441.3659
523.2503
480.7535
440.5908
417.4813
718.3957
449.9032
891.9372
433.4145
579.4549
444.0895
553.5555
510.9374
594.7624
414.5396
382.3097
384.5003
365.475
377.983
335.348
337.2707
301.6176
397.7262
275.5716
285.0274
150.4082
300.4502
288.2855
230.2509
239.2168
401.3604
253.7602
348.4281
334.8372
398.6072
269.7081
365.891
272.8939
395.4593
349.567
428.8097
349.8341
396.8804
443.2776
317.9111
350.0036
177.9136
364.353
287.6387
288.3771
270.9423
256.3862
334.6009
1
2
1
2
1
2
1
2
1
2
1
2
1
2
2
1
2
1
2
1
2
1
2
1
2
1
2
1
2
1
2
1
2
1
2
1
2
1
2
1
2
1
2
1
2
2
1
2
1
2
1
2
1
2
1
2
