4
2
0
5
6
1
3
7
12
10
8
13
14
9
11
15
18
19
24
17
27
28
22
23
29
26
25
30
20
16
21
31
36
34
32
37
38
33
35
39
42
43
48
41
51
52
46
47
53
50
49
54
44
40
45
55
880.3133
1114.981
741.267
2330.576
1068.356
959.7949
1041.804
898.3285
2520.268
1126.627
1071.404
1337.568
980.51
1252.95
1068.243
1474.719
1272.31
1069.349
963.3343
954.2321
1212.858
1233.618
817.4657
1240.094
770.2871
1227.769
930.0551
1085.899
1268.138
1350.108
1037.798
930.0172
1595.401
1412.495
1245.736
2784.555
883.601
1002.536
1165.353
1097.305
1165.811
1024.375
860.9162
1801.382
1052.851
2581.237
868.9466
1375.719
896.3267
977.9484
739.9017
4017.014
1067.938
1257.148
1316.536
1133.42
2
1
1
2
2
1
1
2
2
1
1
2
2
1
1
2
1
1
2
1
2
2
1
1
2
2
2
2
1
1
1
2
2
1
1
2
2
1
1
2
1
1
2
1
2
2
1
1
2
2
2
2
1
1
1
2
