3
2
4
0
1
5
6
7
11
10
12
8
9
13
14
15
26
28
18
25
23
21
17
29
19
22
30
24
31
16
20
27
35
34
36
32
33
37
38
39
50
52
42
49
47
45
41
53
43
46
54
48
55
40
44
51
359.9003
394.4784
222.9897
332.1551
317.0151
365.2838
269.1538
334.6744
317.1419
331.7347
287.5491
315.4128
319.6075
349.0918
208.2946
380.191
160.1362
224.6407
129.6596
272.3139
98.1186
380.814
396.4699
411.2397
254.0285
351.0509
300.6469
303.8762
333.0448
348.7473
286.546
427.7043
209.705
333.7037
222.723
255.2129
239.6261
253.7452
334.5673
426.8264
301.5828
363.9978
286.6274
381.7558
272.7532
401.4339
453.1356
465.2063
407.442
322.5096
409.8514
260.6576
409.4718
256.4984
366.4784
214.0107
2
1
2
1
2
1
2
1
2
1
2
1
2
1
2
1
2
1
2
1
2
2
2
1
2
1
2
1
2
1
2
1
2
1
2
1
2
1
2
1
2
1
2
1
2
1
2
2
1
2
1
2
1
2
1
2
