7
4
3
6
2
0
5
1
15
12
11
14
10
8
13
9
27
21
31
30
29
28
26
20
23
16
17
24
22
19
18
25
39
36
35
38
34
32
37
33
51
45
55
54
53
52
50
44
47
40
41
48
46
43
42
49
278.5195
363.7351
285.0878
256.6643
301.4153
254.0297
351.8813
271.988
349.0791
394.5942
365.3683
333.1392
318.8435
348.4778
395.7315
303.7312
396.4193
255.6933
347.8212
302.9371
333.4288
320.2309
412.3901
255.1406
334.9513
272.31
365.49
379.8935
241.3344
393.4939
239.8699
411.788
209.7152
317.4161
237.4466
288.5442
286.644
318.386
286.6922
708.7779
426.5835
318.9446
381.8321
364.8701
286.4484
365.6978
270.4595
429.3276
270.4141
396.0662
317.2115
287.9086
301.9736
412.9689
209.7132
319.4641
1
2
1
2
1
2
1
2
2
2
1
1
2
2
1
2
1
2
1
2
1
2
1
2
1
2
2
1
2
1
2
1
2
1
2
1
2
1
2
1
1
2
2
1
2
1
2
1
2
1
2
1
2
1
2
1
