2
1
6
0
3
5
7
4
10
9
14
8
11
13
15
12
18
26
23
16
30
20
19
22
29
21
27
17
31
28
24
25
34
33
38
32
35
37
39
36
42
50
47
40
54
44
43
46
53
45
51
41
55
52
48
49
2856.846
708.6341
1865.621
1665.306
2240.404
1388.284
1347.469
18355.6
5220.546
1822.943
1838.039
1534.92
2575.028
1800.671
786.5908
884.8146
2585.381
1398.779
1599.305
1665.189
1849.151
1317.591
2758.258
1449
1459.395
1301.599
1459.156
30475.75
1509.944
910.9179
852.9687
756.2632
1200.91
1249.959
1276.385
991.3584
2225.031
1039.358
1149.31
834.2807
1014.368
929.5941
1429.702
1519.391
1538.399
882.6125
946.7457
1603.943
865.7268
1985.778
997.359
1083.556
1614.261
1331.508
1647.85
787.2917
1
1
2
1
1
2
2
2
1
1
2
1
1
2
2
2
1
2
1
1
2
1
1
1
2
1
2
1
2
2
2
2
1
1
2
1
1
2
2
2
1
2
1
1
2
1
1
1
2
1
2
1
2
2
2
2
