1
3
5
2
7
6
4
0
9
11
13
10
15
14
12
8
26
25
22
16
21
29
20
28
24
19
31
17
23
30
18
27
33
35
37
34
39
38
36
32
50
49
46
40
45
53
44
52
48
43
55
41
47
54
42
51
1040.741
754.6304
1004.219
1285.279
834.0334
1303.109
1022.418
712.2683
1254.931
1380.681
974.2799
1446.318
912.5337
1411.79
1116.808
2146.629
1569.35
1007.082
1977.258
1224.983
958.5908
945.9492
927.772
1630.33
882.3166
1085.841
1086.204
1098.659
1318.751
1519.413
1053.742
963.6108
1741.205
1870.727
1266.862
2349.728
1416.38
973.2918
1729.685
1241.137
1627.438
1489.567
4741.421
1050.09
1979.587
838.0279
1127.094
709.5333
351.1413
613.8237
434.3662
367.0169
494.638
435.9725
637.8055
531.3708
1
1
2
1
1
2
2
1
1
1
2
1
2
2
2
1
2
2
1
1
1
2
2
2
2
1
2
1
1
2
2
2
1
1
2
1
2
2
1
2
2
2
1
2
1
2
2
1
2
2
1
1
2
2
1
2
